user_id, qtd_mencoes, qtd_respostas, qtd_retweets, qtd_robos, tempo_longo_prazo, media_curto_prazo, desvio_curto_prazo
1018561336026988546, 0, 5, 0, 1, 2915694.0, 728923.5, 830954.6657948615
949921127568113669, 1, 1, 0, 1, 443242.0, 443242.0, 0.0
829146971285839884, 0, 4, 0, 1, 294.0, 98.0, 92.188213274076773
1012174191725088770, 1, 1, 0, 1, 50040.0, 50040.0, 0.0
967497622176006160, 0, 2, 0, 1, 1369548.0, 1369548.0, 0.0
877958356257959937, 0, 2, 0, 1, 1537856.0, 1537856.0, 0.0
1584078872, 0, 2, 0, 1, 473993.0, 473993.0, 0.0
933120277399195652, 0, 31, 0, 1, 1540602.0, 51353.400000000001, 50124.477114878711
16457758, 0, 2, 0, 1, 1097698.0, 1097698.0, 0.0
995379251389091840, 0, 5, 0, 1, 2924147.0, 731036.75, 1210842.2880555864
408838186, 0, 2, 0, 1, 94710.0, 94710.0, 0.0
964082122020532231, 0, 2, 0, 1, 270057.0, 270057.0, 0.0
2566520881, 0, 2, 0, 1, 341666.0, 341666.0, 0.0
312647738, 0, 3, 0, 1, 602648.0, 301324.0, 301289.0
1012878087833481221, 0, 2, 0, 1, 419779.0, 419779.0, 0.0
969044447550844928, 0, 3, 0, 1, 266330.0, 133165.0, 132981.0
791363638170886144, 0, 2, 0, 1, 323876.0, 323876.0, 0.0
874536067969503233, 1, 1, 0, 1, 1856902.0, 1856902.0, 0.0
4602699867, 0, 3, 0, 1, 821103.0, 410551.5, 202843.5
959254266601988096, 0, 3, 0, 1, 2370652.0, 1185326.0, 782378.0
782765028986408960, 0, 16, 0, 1, 3161544.0, 210769.60000000001, 214643.60912694325
914866370759839744, 0, 3, 0, 1, 1214585.0, 607292.5, 111580.5
993652121290575872, 0, 3, 0, 1, 1511723.0, 755861.5, 50865.5
1004318804619530240, 0, 2, 0, 1, 633095.0, 633095.0, 0.0
942789719909392384, 0, 4, 0, 1, 259029.0, 86343.0, 47246.273249855381
735624565192200193, 1, 5, 0, 1, 2002330.0, 400466.0, 393996.69389831176
947483767937159169, 0, 3, 0, 1, 1373642.0, 686821.0, 509445.0
797559696643260416, 0, 7, 0, 1, 3098019.0, 516336.5, 622317.29031492991
956424764171608064, 0, 2, 0, 1, 28653.0, 28653.0, 0.0
829152681176338433, 0, 2, 0, 1, 542322.0, 542322.0, 0.0
962725092710117378, 0, 11, 0, 1, 614820.0, 61482.0, 75085.461191897863
4016709813, 1, 1, 0, 1, 43.0, 43.0, 0.0
998705261996138496, 0, 2, 0, 1, 141999.0, 141999.0, 0.0
454836433, 0, 2, 0, 1, 705585.0, 705585.0, 0.0
1015476210384584704, 0, 2, 0, 1, 149415.0, 149415.0, 0.0
2895036632, 0, 2, 0, 1, 272553.0, 272553.0, 0.0
3136651481, 0, 3, 0, 1, 88873.0, 44436.5, 4488.5
3100049629, 0, 2, 0, 1, 28981.0, 28981.0, 0.0
1013067401921826819, 0, 29, 0, 1, 746111.0, 26646.821428571428, 27272.461411328422
1013780550807515136, 0, 3, 0, 1, 227134.0, 113567.0, 60050.0
962181934213341184, 0, 2, 0, 1, 800362.0, 800362.0, 0.0
916838671235592192, 1, 4, 0, 1, 1438843.0, 359710.75, 513486.16704073682
947889248065089536, 0, 35, 0, 1, 3587589.0, 105517.32352941176, 157279.74963453246
889711077172297728, 1, 12, 0, 1, 243731.0, 20310.916666666668, 21590.352067757536
806730736375992320, 0, 2, 0, 1, 1554155.0, 1554155.0, 0.0
3219010945, 0, 2, 0, 1, 255625.0, 255625.0, 0.0
1025042250718474240, 0, 2, 0, 1, 1453464.0, 1453464.0, 0.0
968955390175170562, 0, 2, 0, 1, 1252.0, 1252.0, 0.0
22307107, 0, 3, 0, 1, 2425423.0, 1212711.5, 431500.5
886364188100177920, 0, 2, 0, 1, 3000934.0, 3000934.0, 0.0
1015868466937466886, 1, 1, 0, 1, 970222.0, 970222.0, 0.0
183077452, 0, 3, 0, 1, 617332.0, 308666.0, 233767.0
773235626074185730, 0, 2, 0, 1, 1915232.0, 1915232.0, 0.0
1558626630, 0, 20, 0, 1, 2370288.0, 124752.0, 143441.06533273333
945371430115528704, 0, 18, 0, 1, 2501398.0, 147141.0588235294, 178127.82677929406
958316709936447488, 6, 0, 0, 1, 305510.0, 61102.0, 38860.326354779885
940522118260727811, 0, 2, 0, 1, 379061.0, 379061.0, 0.0
960341601972293633, 0, 2, 0, 1, 536287.0, 536287.0, 0.0
818029133343113217, 0, 3, 0, 1, 480002.0, 240001.0, 51811.0
1010622485765779456, 0, 3, 0, 1, 187226.0, 93613.0, 21591.0
950897716229320705, 0, 6, 0, 1, 3747159.0, 749431.80000000005, 539958.34243371035
1014632107707117568, 0, 2, 0, 1, 28449.0, 28449.0, 0.0
609477040, 1, 1, 0, 1, 60.0, 60.0, 0.0
921835696695992321, 0, 2, 0, 1, 187968.0, 187968.0, 0.0
916402616359198726, 0, 2, 0, 1, 424096.0, 424096.0, 0.0
401573279, 0, 2, 0, 1, 956111.0, 956111.0, 0.0
3307258301, 2, 0, 0, 1, 297.0, 297.0, 0.0
32350663, 0, 2, 0, 1, 2209964.0, 2209964.0, 0.0
935686416708849664, 0, 2, 0, 1, 1034439.0, 1034439.0, 0.0
781198779764600832, 0, 2, 0, 1, 21.0, 21.0, 0.0
1010237893107961856, 0, 2, 0, 1, 28637.0, 28637.0, 0.0
296439887, 0, 2, 0, 1, 957.0, 957.0, 0.0
851969534063816707, 0, 6, 0, 1, 1993538.0, 398707.59999999998, 479613.26340775855
1002646004045361152, 0, 2, 0, 1, 172660.0, 172660.0, 0.0
789671472927309824, 0, 3, 0, 1, 978954.0, 489477.0, 266354.0
760337154568364032, 0, 2, 0, 1, 221706.0, 221706.0, 0.0
841675180380475392, 0, 2, 0, 1, 365768.0, 365768.0, 0.0
855141331395649537, 1, 2, 0, 1, 642859.0, 321429.5, 297642.5
1002034838793109504, 0, 2, 0, 1, 2231888.0, 2231888.0, 0.0
720670899825950724, 0, 7, 0, 1, 547890.0, 91315.0, 124789.38890520032
975755949217665024, 0, 10, 0, 1, 1684623.0, 187180.33333333334, 240097.8080977278
872874450747879424, 0, 5, 0, 1, 2553433.0, 638358.25, 1030781.5492589531
843519715410677760, 0, 2, 0, 1, 150926.0, 150926.0, 0.0
814490673990799360, 0, 2, 0, 1, 85205.0, 85205.0, 0.0
4096069032, 0, 2, 0, 2, 1786873.0, 1786873.0, 0.0
2453537318, 0, 2, 0, 1, 551180.0, 551180.0, 0.0
980135485203976192, 0, 2, 0, 1, 2734065.0, 2734065.0, 0.0
2151462745, 0, 4, 0, 1, 947790.0, 315930.0, 197760.8789540203
701519676610719750, 0, 2, 0, 1, 922813.0, 922813.0, 0.0
858194492, 2, 0, 0, 1, 56874.0, 56874.0, 0.0
912439828071010305, 1, 1, 0, 1, 18.0, 18.0, 0.0
355500612, 0, 3, 0, 1, 752236.0, 376118.0, 262849.0
3793101382, 0, 4, 0, 1, 2086739.0, 695579.66666666663, 466112.0491472219
748604269268434944, 0, 2, 0, 1, 34601.0, 34601.0, 0.0
1006578034684678146, 0, 2, 0, 1, 204529.0, 204529.0, 0.0
2484691542, 0, 2, 0, 1, 2088027.0, 2088027.0, 0.0
873258883606867969, 0, 14, 0, 1, 3368053.0, 259081.0, 395208.38324415835
4831294906, 0, 7, 0, 1, 2125655.0, 354275.83333333331, 134832.54707650852
891659960701960195, 0, 2, 0, 1, 1366934.0, 1366934.0, 0.0
904630166294552576, 0, 3, 0, 1, 2671904.0, 1335952.0, 38363.0
957654135448440833, 0, 10, 0, 1, 877322.0, 97480.222222222219, 109354.61926917479
1010816477895667712, 0, 3, 0, 1, 186742.0, 93371.0, 76182.0
983846728926449664, 0, 2, 0, 1, 280521.0, 280521.0, 0.0
787388097734377472, 0, 2, 0, 1, 28673.0, 28673.0, 0.0
738994886544740354, 0, 2, 0, 1, 1468266.0, 1468266.0, 0.0
3634012815, 0, 6, 0, 1, 3574344.0, 714868.80000000005, 676004.35422574019
987189040515432450, 0, 4, 0, 1, 686834.0, 228944.66666666666, 145176.36986859198
902932642869510145, 0, 15, 0, 1, 1408917.0, 100636.92857142857, 107986.94791465989
885593163213062149, 0, 6, 0, 1, 2535673.0, 507134.59999999998, 315812.08162741334
878473928821415936, 0, 2, 0, 1, 2352052.0, 2352052.0, 0.0
2310488734, 0, 2, 0, 1, 1497345.0, 1497345.0, 0.0
1016468996403617792, 0, 14, 0, 1, 3110453.0, 239265.61538461538, 320318.06019054982
935150766637109249, 0, 2, 0, 1, 189460.0, 189460.0, 0.0
2584978092, 0, 2, 0, 1, 1260798.0, 1260798.0, 0.0
775489661422690305, 0, 2, 0, 1, 2129265.0, 2129265.0, 0.0
4816601777, 0, 2, 0, 1, 3170017.0, 3170017.0, 0.0
755545940237352960, 0, 2, 0, 1, 339029.0, 339029.0, 0.0
3100287703, 0, 3, 0, 1, 1322592.0, 661296.0, 578023.0
3195323103, 0, 4, 0, 1, 1323452.0, 441150.66666666669, 236328.00153223955
1539801824, 0, 2, 0, 1, 1645414.0, 1645414.0, 0.0
736531825926021120, 0, 7, 0, 1, 993202.0, 165533.66666666666, 209337.22923683585
940023048782172160, 0, 3, 0, 1, 778287.0, 389143.5, 230076.5
905791816850706432, 0, 2, 0, 1, 3262990.0, 3262990.0, 0.0
714201047225360384, 0, 3, 0, 1, 2400057.0, 1200028.5, 1199972.5
624296712, 0, 2, 0, 1, 1012954.0, 1012954.0, 0.0
962661179125575683, 0, 2, 0, 1, 2285725.0, 2285725.0, 0.0
20628244, 3, 13, 0, 1, 1564957.0, 104330.46666666666, 178546.58788184356
4599309077, 0, 2, 0, 1, 655114.0, 655114.0, 0.0
987821697142345728, 0, 2, 0, 1, 755543.0, 755543.0, 0.0
962347571921543168, 0, 3, 0, 1, 518419.0, 259209.5, 172775.5
740592583135485953, 0, 7, 0, 1, 2728345.0, 454724.16666666669, 281917.04578676843
899702485870411778, 0, 2, 0, 1, 701158.0, 701158.0, 0.0
3178259251, 1, 6, 0, 1, 3107501.0, 517916.83333333331, 597299.40111120616
2700809694, 0, 5, 0, 1, 1925903.0, 481475.75, 716601.26068734168
984960146475368448, 0, 3, 0, 1, 2036327.0, 1018163.5, 584784.5
3453141853, 0, 6, 0, 1, 1301195.0, 260239.0, 214475.31824058451
1021521704978407424, 0, 7, 0, 1, 1212323.0, 202053.83333333334, 238873.21082491765
36938596, 0, 3, 0, 1, 2608972.0, 1304486.0, 781219.0
987531711570436096, 0, 2, 0, 1, 57677.0, 57677.0, 0.0
765883200329621504, 0, 6, 0, 1, 4050891.0, 810178.19999999995, 681873.89452226425
1011438920897359874, 0, 4, 0, 1, 1254306.0, 418102.0, 386338.85560821689
28502848, 0, 2, 0, 1, 2869223.0, 2869223.0, 0.0
999717566120648709, 0, 4, 0, 1, 772708.0, 257569.33333333334, 181370.60056935603
928071667611561984, 1, 27, 0, 1, 4090298.0, 151492.51851851851, 146982.51917587579
31277974, 0, 2, 0, 1, 664018.0, 664018.0, 0.0
842836212255784961, 0, 6, 0, 1, 3449992.0, 689998.40000000002, 442354.8075771755
949592182784122880, 0, 3, 0, 1, 1048635.0, 524317.5, 444303.5
1106707369, 0, 3, 0, 1, 597695.0, 298847.5, 115028.5
25904042, 0, 2, 0, 1, 49.0, 49.0, 0.0
841915362044190720, 0, 2, 0, 1, 2027493.0, 2027493.0, 0.0
842248090811678720, 0, 4, 0, 1, 270086.0, 90028.666666666672, 8452.9100446072553
890285380028813312, 0, 8, 0, 1, 187185.0, 26740.714285714286, 24919.638455954977
22873033, 0, 2, 0, 1, 223.0, 223.0, 0.0
925136122962956288, 1, 1, 0, 1, 16.0, 16.0, 0.0
1506173906, 1, 7, 0, 1, 3098228.0, 442604.0, 465053.40291749599
863692865318395904, 0, 2, 0, 1, 31489.0, 31489.0, 0.0
751582418595901440, 0, 13, 0, 1, 3540248.0, 295020.66666666669, 380083.99591676513
1020553434720636928, 0, 2, 0, 1, 776239.0, 776239.0, 0.0
974008988709806080, 0, 3, 0, 1, 2895215.0, 1447607.5, 624291.5
3226420207, 0, 2, 0, 1, 786217.0, 786217.0, 0.0
29895507, 1, 2, 0, 1, 2423531.0, 1211765.5, 1211653.5
887191417939935232, 0, 2, 0, 1, 24527.0, 24527.0, 0.0
913423996170911744, 0, 2, 0, 1, 150.0, 150.0, 0.0
3222651901, 0, 2, 0, 1, 178.0, 178.0, 0.0
722302728819634176, 0, 2, 0, 1, 163.0, 163.0, 0.0
2756641796, 0, 11, 0, 1, 2022830.0, 202283.0, 213553.98124361906
972955790805012480, 0, 5, 0, 1, 231170.0, 57792.5, 23031.244782903072
991571196713095168, 0, 3, 0, 1, 60810.0, 30405.0, 14501.0
921399192815390720, 0, 2, 0, 1, 357395.0, 357395.0, 0.0
877368528864559104, 0, 2, 0, 1, 63307.0, 63307.0, 0.0
307594267, 3, 0, 0, 1, 456248.0, 228124.0, 188899.0
4889740317, 0, 2, 0, 1, 14482.0, 14482.0, 0.0
1008485267714527234, 0, 3, 0, 1, 1337847.0, 668923.5, 280545.5
716290554397663232, 0, 2, 0, 1, 3239841.0, 3239841.0, 0.0
860611580521742337, 0, 2, 0, 1, 106279.0, 106279.0, 0.0
1004325622225592320, 0, 4, 0, 1, 2185810.0, 728603.33333333337, 145458.55885745908
145400893, 0, 3, 0, 1, 427652.0, 213826.0, 41659.0
748495422482579458, 0, 2, 0, 1, 232292.0, 232292.0, 0.0
856610097400860673, 0, 3, 0, 1, 1221464.0, 610732.0, 37951.0
870491393671675905, 0, 4, 0, 1, 243338.0, 81112.666666666672, 57553.673409165545
972511594231009281, 0, 6, 0, 1, 420529.0, 84105.800000000003, 81031.815930287543
899123756580425728, 0, 5, 0, 1, 928847.0, 232211.75, 168591.27900839801
887873673981378562, 0, 7, 0, 1, 448821.0, 74803.5, 83859.822582589171
785196956230488064, 0, 4, 0, 1, 607491.0, 202497.0, 141588.06683003574
750525484501315584, 0, 3, 0, 1, 390457.0, 195228.5, 93457.5
956336562362617856, 0, 2, 0, 1, 34586.0, 34586.0, 0.0
1007859844198608896, 0, 8, 0, 1, 2557756.0, 365393.71428571426, 259574.03105677044
218399897, 1, 1, 0, 1, 88.0, 88.0, 0.0
2553726114, 0, 11, 0, 1, 1810693.0, 181069.29999999999, 276047.15861354192
479650454, 0, 4, 0, 1, 180491.0, 60163.666666666664, 40758.629690192261
741361279869308929, 0, 2, 0, 1, 691451.0, 691451.0, 0.0
913392822, 0, 9, 0, 1, 3563891.0, 445486.375, 489134.31372628559
854773977323118592, 0, 2, 0, 1, 142573.0, 142573.0, 0.0
3293971651, 0, 2, 0, 1, 855060.0, 855060.0, 0.0
892211978659299328, 0, 3, 0, 1, 89762.0, 44881.0, 30457.0
972221102385717249, 0, 19, 0, 1, 2461945.0, 136774.72222222222, 233549.28685725835
77595865, 1, 1, 0, 1, 106.0, 106.0, 0.0
831181888886886401, 0, 7, 0, 1, 2123143.0, 353857.16666666669, 548687.55629332329
46630112, 0, 3, 0, 1, 769595.0, 384797.5, 213435.5
750957176596860928, 0, 13, 0, 1, 2256825.0, 188068.75, 266035.59448600264
898790517223436288, 0, 2, 0, 1, 399426.0, 399426.0, 0.0
1018695466899288064, 1, 1, 0, 1, 455953.0, 455953.0, 0.0
1557513452, 0, 3, 0, 1, 772608.0, 386304.0, 229389.0
3236193521, 0, 4, 0, 1, 773897.0, 257965.66666666666, 324193.34517777438
17554961, 1, 1, 0, 1, 844.0, 844.0, 0.0
1016523977265762304, 0, 2, 0, 1, 105203.0, 105203.0, 0.0
947383722768187392, 0, 2, 0, 1, 3079977.0, 3079977.0, 0.0
790017334505156609, 0, 3, 0, 1, 740457.0, 370228.5, 211469.5
768103623762939904, 0, 3, 0, 1, 1966904.0, 983452.0, 204596.0
918877997817565184, 0, 2, 0, 1, 117335.0, 117335.0, 0.0
3245384963, 0, 4, 0, 1, 3241421.0, 1080473.6666666667, 1496839.5930885698
741847574957563904, 1, 1, 0, 1, 21310.0, 21310.0, 0.0
972518666091802625, 0, 5, 0, 1, 691701.0, 172925.25, 173782.38969236065
935573314294214656, 0, 4, 0, 1, 3052034.0, 1017344.6666666666, 591423.85509341396
961645173901021187, 0, 4, 0, 1, 857386.0, 285795.33333333331, 74458.230945648684
901117242020122624, 0, 2, 0, 1, 1074622.0, 1074622.0, 0.0
896685472411336704, 0, 8, 0, 1, 3556777.0, 508111.0, 292778.19212454039
3166938430, 0, 5, 0, 1, 2527128.0, 631782.0, 613549.00644814025
866724792375943169, 1, 1, 0, 1, 1314.0, 1314.0, 0.0
972578675316097024, 0, 2, 0, 1, 171755.0, 171755.0, 0.0
911933818738704384, 0, 2, 0, 1, 1529027.0, 1529027.0, 0.0
3235415372, 0, 2, 0, 1, 1527907.0, 1527907.0, 0.0
873399469303250946, 0, 20, 0, 1, 2537153.0, 133534.36842105264, 137782.80478125921
912185152926879744, 1, 8, 0, 1, 2201954.0, 275244.25, 352698.09237141826
911755799583739904, 0, 5, 0, 1, 838526.0, 209631.5, 248325.60400158097
1026332076419768320, 0, 6, 0, 1, 434973.0, 86994.600000000006, 85644.535511846872
1004415545012301831, 0, 2, 0, 1, 28979.0, 28979.0, 0.0
897537514487074821, 2, 37, 0, 1, 3903529.0, 102724.44736842105, 169021.10577562687
752555168932081664, 0, 2, 0, 1, 3564390.0, 3564390.0, 0.0
1002705792670236672, 0, 2, 0, 1, 138942.0, 138942.0, 0.0
3734578575, 0, 3, 0, 1, 232832.0, 116416.0, 116321.0
779060098434011136, 0, 4, 0, 1, 695671.0, 231890.33333333334, 240763.3180204622
964942557351424000, 0, 3, 0, 1, 558622.0, 279311.0, 152428.0
1017908400271785984, 0, 6, 0, 1, 1480171.0, 296034.20000000001, 293208.687595303
29544690, 2, 0, 0, 1, 515983.0, 515983.0, 0.0
865225371725303810, 0, 2, 0, 1, 470052.0, 470052.0, 0.0
4454540721, 0, 26, 0, 1, 2403000.0, 96120.0, 102462.09443106265
1004919929642971136, 0, 2, 0, 1, 221767.0, 221767.0, 0.0
3244454137, 0, 2, 0, 1, 281775.0, 281775.0, 0.0
883843669861834752, 0, 2, 0, 1, 3427267.0, 3427267.0, 0.0
997591850901893120, 0, 3, 0, 1, 76323.0, 38161.5, 37626.5
805160458542051328, 1, 1, 0, 1, 20931.0, 20931.0, 0.0
4260171209, 0, 4, 0, 1, 3884509.0, 1294836.3333333333, 1332206.9656489398
964275145987764230, 0, 3, 0, 1, 1540300.0, 770150.0, 308751.0
860867814990594048, 0, 2, 0, 1, 339151.0, 339151.0, 0.0
99649037, 0, 3, 0, 1, 614977.0, 307488.5, 282681.5
983436549726580736, 0, 2, 0, 1, 1814.0, 1814.0, 0.0
827673441788653568, 0, 5, 0, 1, 2154599.0, 538649.75, 639789.9087123737
4148520483, 0, 2, 0, 1, 2050653.0, 2050653.0, 0.0
989697151390236673, 0, 13, 0, 1, 3668918.0, 305743.16666666669, 330671.4052000448
926932609397030912, 0, 3, 0, 1, 682676.0, 341338.0, 192187.0
1001262438195621888, 0, 15, 0, 1, 975529.0, 69680.642857142855, 119786.37648903338
2953594410, 0, 3, 0, 1, 1155282.0, 577641.0, 449450.0
992226796715298816, 0, 6, 0, 1, 1742065.0, 348413.0, 297580.11097921175
1017534972691873793, 0, 23, 0, 1, 2487196.0, 113054.36363636363, 248975.00590521962
1029132534423150592, 0, 2, 0, 1, 561987.0, 561987.0, 0.0
945605301671251968, 0, 2, 0, 1, 354629.0, 354629.0, 0.0
961392234309586944, 0, 2, 0, 1, 1126258.0, 1126258.0, 0.0
767118200194621440, 0, 3, 0, 1, 1718797.0, 859398.5, 612570.5
895460596438581250, 0, 5, 0, 1, 1737726.0, 434431.5, 507105.63562116917
968817804869865475, 1, 2, 0, 1, 1048802.0, 524401.0, 524395.0
856287917400084482, 0, 2, 0, 1, 84.0, 84.0, 0.0
892849820897038336, 0, 3, 0, 1, 1280120.0, 640060.0, 404182.0
990643811872378880, 0, 18, 0, 1, 3910080.0, 230004.70588235295, 478369.3952706625
986238299076345859, 0, 8, 0, 1, 1156255.0, 165179.28571428571, 131241.77255596884
996053443365232640, 0, 3, 0, 1, 2699023.0, 1349511.5, 1258548.5
877559118025961472, 0, 2, 0, 1, 345475.0, 345475.0, 0.0
951974178139275264, 0, 17, 0, 1, 2244168.0, 140260.5, 229109.79511279086
888048377010634752, 0, 4, 0, 1, 106144.0, 35381.333333333336, 33014.586193916708
1007126239595950081, 2, 25, 0, 1, 3497875.0, 134533.65384615384, 429715.21105243842
964401064115019776, 0, 2, 0, 1, 1778659.0, 1778659.0, 0.0
1202628234, 0, 9, 0, 1, 2982931.0, 372866.375, 441449.9082503409
867289994192277505, 0, 2, 0, 1, 11611.0, 11611.0, 0.0
1005585937500340225, 0, 3, 0, 1, 2493044.0, 1246522.0, 926118.0
2840782521, 0, 2, 0, 1, 165982.0, 165982.0, 0.0
1017615436219707392, 0, 2, 0, 1, 1051240.0, 1051240.0, 0.0
1005411951868956674, 0, 3, 0, 1, 2036026.0, 1018013.0, 874365.0
988153688337285122, 0, 12, 0, 1, 2272964.0, 206633.09090909091, 441870.65135861048
913220867517292544, 0, 2, 0, 1, 2283746.0, 2283746.0, 0.0
3298626511, 0, 2, 0, 1, 17518.0, 17518.0, 0.0
886526336403099650, 0, 4, 0, 1, 596159.0, 198719.66666666666, 280802.94640587771
927683001110188032, 1, 7, 0, 1, 2363819.0, 337688.42857142858, 235744.52833635526
928622703698833408, 0, 4, 0, 1, 418923.0, 139641.0, 160015.41439707196
3082520307, 0, 2, 0, 1, 1356338.0, 1356338.0, 0.0
1013120954950615045, 0, 2, 0, 1, 273645.0, 273645.0, 0.0
60959702, 0, 2, 0, 1, 10.0, 10.0, 0.0
4331677456, 0, 2, 0, 1, 275.0, 275.0, 0.0
1012101990598434816, 0, 2, 0, 1, 84909.0, 84909.0, 0.0
926089709167706113, 2, 1, 0, 1, 902879.0, 451439.5, 451416.5
1023954026247806977, 0, 2, 0, 1, 1347.0, 1347.0, 0.0
952628653527052288, 1, 15, 0, 1, 2826821.0, 188454.73333333334, 177461.46116249831
926915265794854912, 0, 14, 0, 1, 2610047.0, 200772.84615384616, 301467.55225826829
865634100, 0, 7, 0, 1, 3913237.0, 652206.16666666663, 374257.5102548229
721410260997664768, 0, 2, 0, 1, 445.0, 445.0, 0.0
759163212369649664, 0, 4, 0, 1, 1294490.0, 431496.66666666669, 321242.32917880267
825326410432643072, 0, 3, 0, 1, 810253.0, 405126.5, 222059.5
971393138731360256, 0, 8, 0, 1, 516538.0, 73791.142857142855, 85833.502650569426
952633128270536704, 0, 2, 0, 1, 742149.0, 742149.0, 0.0
956374658634334208, 0, 6, 0, 1, 2099467.0, 419893.40000000002, 478076.30554487847
3882402106, 0, 2, 0, 1, 1195678.0, 1195678.0, 0.0
935338078062960640, 0, 3, 0, 1, 987033.0, 493516.5, 405697.5
739323125347680256, 1, 3, 0, 1, 2959118.0, 986372.66666666663, 699319.94231602526
3610027881, 0, 3, 0, 1, 2187056.0, 1093528.0, 112637.0
942841237547159553, 0, 3, 0, 1, 810440.0, 405220.0, 277051.0
864597974680084480, 0, 2, 0, 1, 428156.0, 428156.0, 0.0
889554191512981504, 0, 2, 0, 1, 4126.0, 4126.0, 0.0
907753860399165440, 0, 3, 0, 1, 2016055.0, 1008027.5, 411700.5
952393051917479938, 1, 7, 0, 1, 2306374.0, 329482.0, 257865.0072526875
993167885055938561, 1, 4, 0, 1, 568357.0, 142089.25, 206113.77585495712
941936392904388608, 0, 5, 0, 1, 1323355.0, 330838.75, 293017.23233743012
963993966000726016, 0, 2, 0, 1, 47721.0, 47721.0, 0.0
975027241070424064, 0, 2, 0, 1, 1253429.0, 1253429.0, 0.0
870553782639366147, 0, 8, 0, 1, 2666941.0, 380991.57142857142, 349146.07133971766
1012343879755091968, 0, 6, 0, 1, 1252142.0, 250428.39999999999, 163639.79479772027
2997749653, 0, 7, 0, 1, 2340145.0, 390024.16666666669, 241697.72970483653
988764898774659072, 0, 2, 0, 1, 70698.0, 70698.0, 0.0
800889021056565248, 0, 2, 0, 1, 817777.0, 817777.0, 0.0
936454257884012546, 0, 6, 0, 1, 244810.0, 48962.0, 20315.135185373492
794158517766787072, 0, 2, 0, 1, 1414109.0, 1414109.0, 0.0
754472353631834112, 0, 4, 0, 1, 457353.0, 152451.0, 142459.39930614151
946777328197218304, 0, 2, 0, 1, 3081850.0, 3081850.0, 0.0
903611803401379840, 0, 2, 0, 1, 1.0, 1.0, 0.0
2938111925, 0, 2, 0, 1, 147806.0, 147806.0, 0.0
896051547334955008, 0, 3, 0, 1, 32618.0, 16309.0, 770.0
759161302447108096, 0, 2, 0, 1, 1210102.0, 1210102.0, 0.0
3149742411, 0, 2, 0, 1, 178507.0, 178507.0, 0.0
1631741893, 0, 3, 0, 1, 1384549.0, 692274.5, 639224.5
1083836358, 0, 3, 0, 1, 1074854.0, 537427.0, 521556.0
1018538183041089536, 0, 3, 0, 1, 235049.0, 117524.5, 98637.5
719316163935760385, 0, 8, 0, 1, 3423943.0, 489134.71428571426, 599634.78176320298
952980225482264576, 0, 5, 0, 1, 2851454.0, 712863.5, 648888.24841974908
866057774526083072, 0, 2, 0, 1, 3254961.0, 3254961.0, 0.0
887894687402647554, 0, 2, 0, 1, 3772904.0, 3772904.0, 0.0
892480066596118528, 0, 5, 0, 1, 822380.0, 205595.0, 162356.94216601888
833911316653805568, 1, 2, 0, 1, 29724.0, 14862.0, 9445.0
854695636100317188, 0, 2, 0, 1, 360428.0, 360428.0, 0.0
23521274, 2, 0, 0, 1, 422637.0, 422637.0, 0.0
156223490, 1, 1, 0, 1, 14.0, 14.0, 0.0
3241707540, 2, 0, 0, 1, 430485.0, 430485.0, 0.0
957057460333768709, 0, 3, 0, 1, 72245.0, 36122.5, 21724.5
4670695453, 0, 5, 0, 1, 2305819.0, 576454.75, 561083.40474584303
1009156346510487553, 0, 2, 0, 1, 301492.0, 301492.0, 0.0
977991966397902849, 0, 2, 0, 1, 1872139.0, 1872139.0, 0.0
1013546424431022081, 0, 7, 0, 1, 3523030.0, 587171.66666666663, 470630.65153106587
981693826103312386, 1, 2, 0, 1, 400744.0, 200372.0, 92998.0
1001504983018364928, 0, 2, 0, 1, 748826.0, 748826.0, 0.0
2941716557, 0, 2, 0, 1, 200492.0, 200492.0, 0.0
901190135987019776, 0, 3, 0, 1, 753579.0, 376789.5, 221215.5
2851798031, 0, 4, 0, 1, 1544604.0, 514868.0, 227445.87282399007
2386593885, 0, 2, 0, 1, 14.0, 14.0, 0.0
952322746394054656, 0, 2, 0, 1, 727206.0, 727206.0, 0.0
1661126761, 0, 4, 0, 1, 3009544.0, 1003181.3333333334, 136878.10114193658
3289041008, 0, 2, 0, 1, 76554.0, 76554.0, 0.0
984591431485583362, 0, 3, 0, 1, 2201664.0, 1100832.0, 993401.0
927212069828595712, 0, 16, 0, 1, 1892993.0, 126199.53333333334, 183949.32060139705
906156318259429377, 0, 3, 0, 1, 445627.0, 222813.5, 136649.5
747202177202982912, 0, 8, 0, 1, 2672309.0, 381758.42857142858, 527556.00424189412
988423554982084613, 0, 2, 0, 1, 335452.0, 335452.0, 0.0
968256158107566080, 1, 1, 0, 1, 16.0, 16.0, 0.0
937895133051281409, 1, 2, 0, 1, 1716272.0, 858136.0, 310776.0
718868519077683200, 0, 4, 0, 1, 1121678.0, 373892.66666666669, 288095.29680799873
977880217820655616, 0, 2, 0, 1, 33219.0, 33219.0, 0.0
740124783858290689, 0, 2, 0, 1, 3136156.0, 3136156.0, 0.0
837427957983502336, 0, 6, 0, 1, 1105260.0, 221052.0, 149111.9037085906
9948192, 0, 2, 0, 1, 96.0, 96.0, 0.0
743468289616056322, 0, 3, 0, 1, 461352.0, 230676.0, 193425.0
847433788292521984, 0, 3, 0, 1, 538351.0, 269175.5, 140919.5
781433026496565248, 0, 2, 0, 1, 2484680.0, 2484680.0, 0.0
1001593419037396993, 0, 2, 0, 1, 3023829.0, 3023829.0, 0.0
22192508, 0, 2, 0, 1, 1051510.0, 1051510.0, 0.0
1013541064492265472, 0, 2, 0, 1, 51995.0, 51995.0, 0.0
982419859161133056, 0, 2, 0, 1, 172778.0, 172778.0, 0.0
954877015072555008, 0, 4, 0, 1, 2018671.0, 672890.33333333337, 682076.05739845627
728315239524139009, 0, 2, 0, 1, 42840.0, 42840.0, 0.0
743888494301450240, 0, 3, 0, 1, 147855.0, 73927.5, 31569.5
882845658369081344, 0, 5, 0, 1, 341507.0, 85376.75, 72073.497047718585
993882006202343425, 0, 9, 0, 1, 2880040.0, 360005.0, 378184.55202850368
1022672390814199808, 0, 3, 0, 1, 949220.0, 474610.0, 25047.0
823129009471057920, 0, 4, 0, 1, 1353165.0, 451055.0, 50835.092885394304
924204862916780032, 1, 2, 0, 1, 1689010.0, 844505.0, 282122.0
1000013161943240712, 0, 8, 0, 1, 1944438.0, 277776.85714285716, 122434.86212726524
945978296424128514, 0, 6, 0, 1, 3355200.0, 671040.0, 362090.09404400998
1012200813396152325, 1, 4, 0, 1, 531348.0, 132837.0, 96343.181476428319
878692674, 0, 3, 0, 1, 730198.0, 365099.0, 53422.0
987855645566173185, 0, 8, 0, 1, 269385.0, 38483.571428571428, 22937.609545754094
4697344327, 0, 3, 0, 1, 1893783.0, 946891.5, 175985.5
961128717618700289, 0, 3, 0, 1, 225033.0, 112516.5, 28251.5
998497595780575232, 3, 11, 0, 1, 2031253.0, 156250.23076923078, 207749.39783978413
899046816079130624, 0, 4, 0, 1, 693402.0, 231134.0, 222581.86014737739
996915300288356353, 0, 4, 0, 1, 859352.0, 286450.66666666669, 236112.4783294794
92757053, 0, 3, 0, 1, 2138280.0, 1069140.0, 169175.0
2513529211, 0, 4, 0, 1, 1799578.0, 599859.33333333337, 665522.66017335746
932358123825827840, 0, 4, 0, 1, 681109.0, 227036.33333333334, 243353.34520313368
750080406888734720, 0, 2, 0, 1, 681350.0, 681350.0, 0.0
904696752401506304, 0, 3, 0, 1, 543359.0, 271679.5, 57376.5
958124250954543104, 0, 2, 0, 1, 772158.0, 772158.0, 0.0
871363389448237056, 0, 6, 0, 1, 1613532.0, 322706.40000000002, 447431.31821525411
856618868554510337, 0, 2, 0, 1, 1082448.0, 1082448.0, 0.0
925873141116690432, 0, 7, 0, 1, 2102476.0, 350412.66666666669, 226736.13000259918
785505575199092736, 0, 2, 0, 1, 346878.0, 346878.0, 0.0
751509469192859649, 0, 2, 0, 1, 548348.0, 548348.0, 0.0
767097338443788288, 0, 2, 0, 1, 990970.0, 990970.0, 0.0
773384955950927872, 0, 2, 0, 1, 62128.0, 62128.0, 0.0
884246972667973633, 0, 2, 0, 1, 3013121.0, 3013121.0, 0.0
739198689416216576, 0, 2, 0, 1, 3158902.0, 3158902.0, 0.0
930059554397794305, 0, 4, 0, 1, 1012760.0, 337586.66666666669, 313700.45608864236
875415608636166145, 0, 3, 0, 1, 2584488.0, 1292244.0, 1152383.0
911246086592921600, 0, 6, 0, 1, 51098.0, 10219.6, 18003.955505388254
3940888995, 0, 4, 0, 1, 1532387.0, 510795.66666666669, 445530.31841041846
2737826265, 0, 6, 0, 1, 3343008.0, 668601.59999999998, 484078.78589485824
3067523493, 3, 0, 0, 1, 141.0, 70.5, 25.5
914507908104249344, 0, 8, 0, 1, 2145822.0, 306546.0, 348000.17989855778
942873478751031296, 0, 2, 0, 1, 880308.0, 880308.0, 0.0
887909339641430016, 0, 2, 0, 1, 474989.0, 474989.0, 0.0
899805392804491264, 0, 3, 0, 1, 2072375.0, 1036187.5, 471817.5
125566034, 0, 2, 0, 1, 577988.0, 577988.0, 0.0
926894286226018304, 0, 5, 0, 1, 2394779.0, 598694.75, 729421.77009614091
759772085480673280, 0, 2, 0, 1, 2071597.0, 2071597.0, 0.0
954954623529369600, 0, 7, 0, 1, 542203.0, 90367.166666666672, 83962.18752592674
703199644004683776, 0, 110, 0, 1, 4003726.0, 36731.431192660551, 43634.51574814989
946261723597627392, 0, 5, 0, 1, 2231219.0, 557804.75, 399028.60845393967
947577563408244736, 0, 2, 0, 1, 176.0, 176.0, 0.0
901236560686927874, 0, 3, 0, 1, 1033784.0, 516892.0, 31446.0
939629491684610049, 0, 4, 0, 1, 979292.0, 326430.66666666669, 409813.9362493938
3275713070, 0, 2, 0, 1, 185730.0, 185730.0, 0.0
1000962503591907328, 0, 5, 0, 1, 3447595.0, 861898.75, 635196.61652687308
3216820791, 0, 2, 0, 1, 76248.0, 76248.0, 0.0
22186557, 0, 6, 0, 1, 3740236.0, 748047.19999999995, 561666.84331030259
1000335956640223233, 0, 2, 0, 1, 267220.0, 267220.0, 0.0
874802791419609088, 0, 5, 0, 1, 552820.0, 138205.0, 94761.753379198301
878373376124997634, 0, 5, 0, 1, 728049.0, 182012.25, 195394.9478855262
2925464165, 0, 6, 0, 1, 1951783.0, 390356.59999999998, 308594.59701984416
945787327808491520, 0, 14, 0, 1, 3083520.0, 237193.84615384616, 518416.64256566192
1033705860512411648, 0, 2, 0, 1, 14332.0, 14332.0, 0.0
957733171960856576, 1, 1, 0, 1, 1899100.0, 1899100.0, 0.0
772957943582961664, 0, 4, 0, 1, 1947879.0, 649293.0, 541423.13318574289
800012649765498881, 0, 5, 0, 1, 2578279.0, 644569.75, 638296.80673076177
836608572645588992, 0, 2, 0, 1, 1316219.0, 1316219.0, 0.0
776958411149758464, 0, 2, 0, 1, 170918.0, 170918.0, 0.0
775867798241349633, 0, 2, 0, 1, 227.0, 227.0, 0.0
3880101183, 0, 5, 0, 1, 1127945.0, 281986.25, 144422.8402320336
985923055716364289, 0, 6, 0, 1, 1192268.0, 238453.60000000001, 138483.57242445764
981720414765404160, 1, 6, 0, 1, 3720150.0, 620025.0, 537276.43319058768
829865629440163840, 0, 3, 0, 1, 926731.0, 463365.5, 62855.5
888797184375889920, 0, 7, 0, 1, 3687561.0, 614593.5, 867031.97137144255
948588660760502272, 0, 2, 0, 1, 115226.0, 115226.0, 0.0
980497303076265984, 0, 14, 0, 1, 431208.0, 33169.846153846156, 31417.285053457079
351210158, 0, 2, 0, 1, 701.0, 701.0, 0.0
1019076313653493760, 0, 9, 0, 1, 2292196.0, 286524.5, 355589.89181780745
3356478131, 0, 5, 0, 1, 57169.0, 14292.25, 24447.872692475721
990175168050888704, 1, 1, 0, 1, 50166.0, 50166.0, 0.0
4765952718, 0, 3, 0, 1, 2723079.0, 1361539.5, 288875.5
896293515063435264, 0, 4, 0, 1, 3079220.0, 1026406.6666666666, 775096.30183710437
906405112037306368, 0, 3, 0, 1, 1741764.0, 870882.0, 91792.0
903050641165221888, 0, 3, 0, 1, 1798265.0, 899132.5, 137895.5
3449228009, 0, 2, 0, 1, 407.0, 407.0, 0.0
993466400642498561, 0, 3, 0, 1, 1469135.0, 734567.5, 345750.5
821017509247774720, 0, 4, 0, 1, 3979271.0, 1326423.6666666667, 978816.60279214487
894375909418975232, 0, 4, 0, 1, 1636100.0, 545366.66666666663, 325919.55657118146
933714533432070144, 0, 3, 0, 1, 3345490.0, 1672745.0, 652730.0
878791912873877504, 0, 3, 0, 1, 851248.0, 425624.0, 184759.0
929187444787785728, 0, 2, 0, 1, 259194.0, 259194.0, 0.0
859577910390251525, 0, 2, 0, 1, 450656.0, 450656.0, 0.0
806022616150642688, 0, 2, 0, 1, 23474.0, 23474.0, 0.0
951803903204642817, 0, 2, 0, 1, 243785.0, 243785.0, 0.0
714564629733711872, 0, 3, 0, 1, 220271.0, 110135.5, 109463.5
1009155484111294464, 0, 2, 0, 1, 937473.0, 937473.0, 0.0
900061255699922945, 0, 2, 0, 1, 33286.0, 33286.0, 0.0
835964942499123200, 0, 2, 0, 1, 58827.0, 58827.0, 0.0
905411082558242816, 0, 3, 0, 1, 1647551.0, 823775.5, 442712.5
17983287, 0, 2, 0, 1, 250381.0, 250381.0, 0.0
875726290942402560, 0, 3, 0, 1, 674329.0, 337164.5, 49701.5
769276185004142592, 0, 37, 0, 1, 2063770.0, 57326.944444444445, 116065.3223127066
880981649667870721, 0, 4, 0, 1, 2913915.0, 971305.0, 1054281.2347338826
906110181477539843, 1, 1, 0, 1, 43736.0, 43736.0, 0.0
1022323696772505600, 0, 2, 0, 1, 229318.0, 229318.0, 0.0
962118398703554560, 0, 6, 0, 1, 2174634.0, 434926.79999999999, 351873.88588379219
3723604454, 0, 4, 0, 1, 1690801.0, 563600.33333333337, 272106.17486602953
724085720663519233, 0, 2, 0, 1, 489551.0, 489551.0, 0.0
1233881970, 0, 2, 0, 1, 1200655.0, 1200655.0, 0.0
743394395400003588, 0, 2, 0, 1, 1122369.0, 1122369.0, 0.0
795001486749167617, 0, 2, 0, 1, 507616.0, 507616.0, 0.0
25660296, 0, 3, 0, 1, 110160.0, 55080.0, 23700.0
2603240331, 0, 3, 0, 1, 34.0, 17.0, 7.0
939972163335065600, 0, 3, 0, 1, 3889121.0, 1944560.5, 1309670.5
875917497165266944, 0, 3, 0, 1, 843628.0, 421814.0, 421559.0
1023250706793459712, 0, 2, 0, 1, 429714.0, 429714.0, 0.0
937249282167660545, 1, 1, 0, 1, 105.0, 105.0, 0.0
843758600661225472, 0, 2, 0, 1, 419893.0, 419893.0, 0.0
1007081030921043969, 0, 2, 0, 1, 503769.0, 503769.0, 0.0
764541975810891781, 0, 2, 0, 1, 712943.0, 712943.0, 0.0
1021058936865206272, 0, 3, 0, 1, 3571291.0, 1785645.5, 906531.5
915725159490867203, 0, 2, 0, 1, 690904.0, 690904.0, 0.0
3676670909, 0, 2, 0, 1, 183.0, 183.0, 0.0
18656190, 0, 2, 0, 1, 30883.0, 30883.0, 0.0
859838153955450881, 0, 5, 0, 1, 1981777.0, 495444.25, 324166.13526352117
3331378119, 0, 3, 0, 1, 367064.0, 183532.0, 90728.0
758580129085915136, 0, 2, 0, 1, 300409.0, 300409.0, 0.0
951771170755481602, 0, 7, 0, 1, 1585947.0, 264324.5, 204124.7805753056
1434282979, 1, 2, 0, 2, 2329864.0, 1164932.0, 101263.0
866845258776059904, 0, 7, 0, 1, 1468855.0, 244809.16666666666, 406748.08398828248
954756127480201216, 0, 5, 0, 1, 3296505.0, 824126.25, 799035.15875691443
770734108532207617, 0, 2, 0, 1, 323093.0, 323093.0, 0.0
1685122034, 0, 4, 0, 1, 1666274.0, 555424.66666666663, 523757.11975261546
797585237022797824, 0, 2, 0, 1, 17806.0, 17806.0, 0.0
1000851045755555840, 1, 2, 0, 1, 1808054.0, 904027.0, 562687.0
998272365309190144, 0, 4, 0, 1, 874837.0, 291612.33333333331, 339819.66207321722
974762421553315841, 0, 2, 0, 1, 705151.0, 705151.0, 0.0
1024474670106640384, 0, 5, 0, 1, 1257331.0, 314332.75, 272753.56059855112
941888438332096512, 0, 4, 0, 1, 186596.0, 62198.666666666664, 48919.998155719055
979831050091319296, 0, 4, 0, 1, 1333729.0, 444576.33333333331, 387751.87071659922
1636101169, 0, 2, 0, 1, 2995452.0, 2995452.0, 0.0
931261310335143939, 4, 2, 0, 1, 1013387.0, 202677.39999999999, 223411.65311290277
157258249, 0, 2, 0, 1, 1003.0, 1003.0, 0.0
2499808316, 4, 4, 0, 1, 181793.0, 25970.428571428572, 34452.685148754128
3193089089, 0, 6, 0, 1, 1427192.0, 285438.40000000002, 420695.79560799035
4026625090, 0, 3, 0, 1, 609196.0, 304598.0, 286142.0
30714948, 2, 0, 0, 1, 3556054.0, 3556054.0, 0.0
996753210760101888, 0, 2, 0, 1, 152584.0, 152584.0, 0.0
1022670350553772032, 0, 2, 0, 1, 383315.0, 383315.0, 0.0
4874464340, 1, 1, 0, 1, 662910.0, 662910.0, 0.0
806343434323759104, 0, 3, 0, 1, 340488.0, 170244.0, 37506.0
905619455723626496, 0, 3, 0, 1, 693822.0, 346911.0, 176847.0
352627811, 0, 2, 0, 1, 731.0, 731.0, 0.0
938157012340355073, 0, 6, 0, 1, 1039149.0, 207829.79999999999, 61128.803935297146
893919042532233216, 0, 4, 0, 1, 1368117.0, 456039.0, 130305.92532958738
738809494709243905, 0, 6, 0, 1, 1629954.0, 325990.79999999999, 270914.88556031766
977613927751151616, 0, 3, 0, 1, 86383.0, 43191.5, 29123.5
892312070355509248, 1, 1, 0, 1, 3821750.0, 3821750.0, 0.0
1063988348, 0, 2, 0, 1, 31.0, 31.0, 0.0
893736817983238144, 0, 2, 0, 1, 123.0, 123.0, 0.0
833437668793053186, 0, 2, 0, 1, 129497.0, 129497.0, 0.0
995301961745555457, 0, 8, 0, 1, 1753179.0, 250454.14285714287, 365590.13704945153
895961561264779264, 0, 2, 0, 1, 1135261.0, 1135261.0, 0.0
838226080830001152, 0, 3, 0, 1, 164056.0, 82028.0, 50655.0
998444137048301568, 0, 8, 0, 1, 1382551.0, 197507.28571428571, 109296.64654339882
871082484775170048, 2, 0, 0, 1, 1300216.0, 1300216.0, 0.0
971572551951331328, 3, 10, 0, 1, 1417642.0, 118136.83333333333, 154154.09656511096
1012030322286977024, 0, 2, 0, 1, 432042.0, 432042.0, 0.0
857515607389949952, 0, 3, 0, 1, 2233167.0, 1116583.5, 625885.5
965000503292780545, 0, 2, 0, 1, 631454.0, 631454.0, 0.0
802302312781791232, 0, 3, 0, 1, 1767368.0, 883684.0, 333178.0
827556165609541633, 0, 2, 0, 1, 301212.0, 301212.0, 0.0
1569205478, 0, 2, 0, 1, 156338.0, 156338.0, 0.0
787486982037393408, 0, 2, 0, 1, 1767016.0, 1767016.0, 0.0
977682442197831681, 0, 2, 0, 1, 95275.0, 95275.0, 0.0
2345078005, 0, 2, 0, 1, 2305086.0, 2305086.0, 0.0
284044539, 0, 2, 0, 1, 49409.0, 49409.0, 0.0
913569548766449664, 0, 12, 0, 1, 2462387.0, 223853.36363636365, 237385.99166730072
609344725, 0, 3, 0, 1, 2693125.0, 1346562.5, 1015320.5
3145321738, 0, 2, 0, 1, 81227.0, 81227.0, 0.0
873621041171574784, 0, 2, 0, 1, 24.0, 24.0, 0.0
981347626665705472, 4, 3, 0, 1, 1213312.0, 202218.66666666666, 149664.69645919249
3045944618, 0, 2, 0, 1, 85875.0, 85875.0, 0.0
879836371426447360, 0, 4, 0, 1, 1339184.0, 446394.66666666669, 189489.86139339721
857385663167070208, 0, 2, 0, 1, 1598338.0, 1598338.0, 0.0
888310224154763265, 0, 3, 0, 1, 3180781.0, 1590390.5, 223204.5
924468325517754369, 0, 2, 0, 1, 944539.0, 944539.0, 0.0
942411307810197506, 0, 2, 0, 1, 707362.0, 707362.0, 0.0
796806624174362624, 0, 6, 0, 1, 2183660.0, 436732.0, 351463.76648240711
937995909668966402, 0, 3, 0, 1, 245001.0, 122500.5, 82362.5
913223753198321664, 0, 2, 0, 1, 259050.0, 259050.0, 0.0
937970898186964992, 0, 2, 0, 1, 604296.0, 604296.0, 0.0
1009946513525616640, 0, 8, 0, 1, 3899789.0, 557112.71428571432, 554483.43713913823
1019361526589861889, 0, 4, 0, 1, 751486.0, 250495.33333333334, 275330.23726225365
973478541378519040, 0, 19, 0, 1, 3636213.0, 202011.83333333334, 578646.13083273475
893139773933711360, 0, 2, 0, 1, 770195.0, 770195.0, 0.0
986032930941227008, 0, 2, 0, 1, 978880.0, 978880.0, 0.0
1006702225295532032, 0, 7, 0, 1, 3387282.0, 564547.0, 351596.22750962502
971253835758006272, 0, 2, 0, 1, 768160.0, 768160.0, 0.0
840717511251308545, 0, 2, 0, 1, 1560811.0, 1560811.0, 0.0
891108667474427904, 0, 4, 0, 1, 60874.0, 20291.333333333332, 18582.683522271182
1032584453149708288, 0, 3, 0, 1, 355491.0, 177745.5, 26808.5
1349733804, 0, 3, 0, 1, 834807.0, 417403.5, 411577.5
1670944669, 0, 2, 0, 1, 1586577.0, 1586577.0, 0.0
4865617329, 0, 2, 0, 1, 122313.0, 122313.0, 0.0
1025846383968829440, 0, 5, 0, 1, 1289364.0, 322341.0, 380716.02879771165
775029382163202048, 1, 1, 0, 1, 160.0, 160.0, 0.0
755851895441272832, 0, 4, 0, 1, 1117539.0, 372513.0, 103510.13748743002
929039846412230656, 0, 2, 0, 1, 820639.0, 820639.0, 0.0
2154589652, 0, 2, 0, 1, 2044315.0, 2044315.0, 0.0
949108116167077888, 0, 9, 0, 1, 3024108.0, 378013.5, 186180.47044131669
820616058080002048, 0, 2, 0, 1, 348766.0, 348766.0, 0.0
961674860496932864, 0, 8, 0, 1, 1124685.0, 160669.28571428571, 125280.38186257516
2830798333, 0, 2, 0, 1, 244766.0, 244766.0, 0.0
889630994482868224, 0, 3, 0, 1, 1454935.0, 727467.5, 63924.5
860331884080906240, 0, 2, 0, 1, 1162747.0, 1162747.0, 0.0
1021411636089966592, 2, 9, 0, 1, 1485135.0, 148513.5, 164291.65217639634
964651421974126593, 0, 2, 0, 1, 193967.0, 193967.0, 0.0
848520873275412480, 0, 2, 0, 1, 1006632.0, 1006632.0, 0.0
2303757847, 0, 2, 0, 1, 16.0, 16.0, 0.0
1028302116308377600, 0, 2, 0, 1, 1828992.0, 1828992.0, 0.0
891723501794607105, 0, 6, 0, 1, 261747.0, 52349.400000000001, 33349.133875409716
3056414245, 0, 27, 0, 1, 3813094.0, 146657.46153846153, 96262.291666783145
1056796201, 0, 2, 0, 1, 32402.0, 32402.0, 0.0
997153586529304577, 0, 2, 0, 1, 143983.0, 143983.0, 0.0
2915266116, 0, 2, 0, 1, 885932.0, 885932.0, 0.0
1008850347857731585, 0, 4, 0, 1, 429541.0, 143180.33333333334, 42017.252808287638
1026701350074294272, 0, 6, 0, 1, 803131.0, 160626.20000000001, 106821.71619179314
873475805686509569, 0, 3, 0, 1, 374120.0, 187060.0, 100919.0
825888750, 0, 2, 0, 1, 19.0, 19.0, 0.0
833089798449410048, 0, 8, 0, 1, 683252.0, 97607.428571428565, 82997.747704134614
910988332322185216, 0, 2, 0, 1, 386.0, 386.0, 0.0
858784263524802560, 0, 2, 0, 1, 115721.0, 115721.0, 0.0
922649826378108929, 0, 2, 0, 1, 2285039.0, 2285039.0, 0.0
980837102370938880, 0, 3, 0, 1, 148636.0, 74318.0, 34052.0
843225981024325632, 0, 2, 0, 1, 74906.0, 74906.0, 0.0
910220437182808066, 0, 2, 0, 1, 163584.0, 163584.0, 0.0
996148014212435968, 0, 7, 0, 1, 2836310.0, 472718.33333333331, 476925.31120594649
1001914230499692544, 0, 19, 0, 1, 3003329.0, 166851.61111111112, 235818.9001157312
971566925154107392, 1, 4, 0, 1, 1648545.0, 412136.25, 296445.44544686045
894314184195919874, 0, 3, 0, 1, 2239888.0, 1119944.0, 721734.0
791732667683377152, 0, 2, 0, 1, 72.0, 72.0, 0.0
1022342411257765888, 0, 10, 0, 1, 791977.0, 87997.444444444438, 68659.076799164584
143937184, 0, 2, 0, 1, 482696.0, 482696.0, 0.0
985631011701698560, 0, 3, 0, 1, 2709101.0, 1354550.5, 436504.5
1031233041283383296, 0, 3, 0, 1, 519894.0, 259947.0, 178656.0
1022244392646725632, 0, 2, 0, 1, 63.0, 63.0, 0.0
1121578694, 0, 2, 0, 1, 5055.0, 5055.0, 0.0
2889477832, 0, 2, 0, 1, 730060.0, 730060.0, 0.0
461030007, 1, 1, 0, 1, 809426.0, 809426.0, 0.0
4846099747, 0, 2, 0, 1, 77204.0, 77204.0, 0.0
831285522773352449, 0, 3, 0, 1, 554.0, 277.0, 188.0
835447875190554624, 0, 3, 0, 1, 289695.0, 144847.5, 44468.5
4337356516, 0, 2, 0, 1, 1958397.0, 1958397.0, 0.0
971869711385485312, 0, 3, 0, 1, 1047.0, 523.5, 108.5
980181507338850309, 0, 20, 0, 1, 2945856.0, 155045.05263157896, 169347.83953696999
825881214, 0, 14, 0, 1, 417284.0, 32098.76923076923, 39125.830289845893
1016925389724307457, 0, 5, 0, 1, 453555.0, 113388.75, 156595.44716621714
2913259264, 0, 2, 0, 1, 446152.0, 446152.0, 0.0
997438847767252992, 0, 4, 0, 1, 250391.0, 83463.666666666672, 69594.886078089257
941503851303141376, 2, 2, 0, 1, 1915445.0, 638481.66666666663, 902913.36991405534
996690609728512001, 0, 8, 0, 1, 1546915.0, 220987.85714285713, 90656.313866364188
915384081600466945, 0, 3, 0, 1, 88991.0, 44495.5, 23052.5
778290329980207104, 0, 4, 0, 1, 2862738.0, 954246.0, 6310.6666842735403
877674383535259648, 0, 6, 0, 1, 2603833.0, 520766.59999999998, 533056.84730189899
765325608343646208, 0, 2, 0, 1, 1995794.0, 1995794.0, 0.0
1026336042041917440, 0, 2, 0, 1, 214709.0, 214709.0, 0.0
252342081, 0, 2, 0, 1, 3574.0, 3574.0, 0.0
762433637807562752, 0, 2, 0, 1, 1745347.0, 1745347.0, 0.0
867932173248020480, 1, 1, 0, 1, 210400.0, 210400.0, 0.0
990654457724719104, 0, 2, 0, 1, 3526960.0, 3526960.0, 0.0
1022565716409688064, 0, 2, 0, 1, 93462.0, 93462.0, 0.0
762744834549510144, 0, 4, 0, 1, 789933.0, 263311.0, 308663.8310600493
768648537705881600, 0, 2, 0, 1, 68818.0, 68818.0, 0.0
867545922078748672, 2, 4, 0, 1, 886970.0, 177394.0, 206356.56040746559
3267440490, 0, 2, 0, 1, 1368282.0, 1368282.0, 0.0
930127530731933696, 0, 2, 0, 1, 74045.0, 74045.0, 0.0
874971055626084352, 0, 2, 0, 1, 162.0, 162.0, 0.0
745040863269552128, 1, 3, 0, 1, 1820776.0, 606925.33333333337, 650818.78968385316
2981861356, 0, 4, 0, 1, 699332.0, 233110.66666666666, 251842.77017924408
4492480401, 0, 7, 0, 1, 2260865.0, 376810.83333333331, 338989.37700190383
3358265239, 0, 2, 0, 1, 241684.0, 241684.0, 0.0
940442998617157637, 1, 2, 0, 1, 1314639.0, 657319.5, 545373.5
979891661684727813, 1, 1, 0, 1, 1458356.0, 1458356.0, 0.0
1023779757685538816, 0, 3, 0, 1, 1036782.0, 518391.0, 259189.0
890840134299594752, 1, 1, 0, 1, 143959.0, 143959.0, 0.0
827982685478014976, 0, 7, 0, 1, 2239782.0, 373297.0, 327354.3665535358
1967936156, 0, 3, 0, 1, 280406.0, 140203.0, 57132.0
941055995668828160, 0, 3, 0, 1, 2059133.0, 1029566.5, 408731.5
1015039417940103168, 0, 26, 0, 1, 1573525.0, 62941.0, 82375.397933120781
988380013719416832, 0, 5, 0, 1, 2132938.0, 533234.5, 773337.07345390471
965652543564058630, 0, 2, 0, 1, 1342254.0, 1342254.0, 0.0
1027863636184911872, 0, 2, 0, 1, 30331.0, 30331.0, 0.0
1352798162, 0, 2, 0, 1, 442150.0, 442150.0, 0.0
853870892644020224, 1, 5, 0, 1, 232184.0, 46436.800000000003, 37770.90205647728
725149825801555969, 2, 32, 0, 1, 3273558.0, 99198.727272727279, 207511.95209305675
2955276269, 0, 2, 0, 1, 115324.0, 115324.0, 0.0
905932224331206656, 0, 28, 0, 1, 2093579.0, 77539.962962962964, 82919.132769348522
941475049072156672, 0, 6, 0, 1, 142965.0, 28593.0, 35222.147617656708
168612334, 0, 2, 0, 1, 52588.0, 52588.0, 0.0
990068873553629185, 4, 4, 0, 1, 744000.0, 106285.71428571429, 209488.2492079307
934474649978753027, 0, 2, 0, 1, 71999.0, 71999.0, 0.0
987433362418749448, 0, 2, 0, 1, 628374.0, 628374.0, 0.0
1018210497085272064, 0, 2, 0, 1, 6254.0, 6254.0, 0.0
1144279069, 1, 3, 0, 1, 3209.0, 1069.6666666666667, 741.8990647131335
2426400799, 0, 2, 0, 1, 67338.0, 67338.0, 0.0
981676248249393152, 1, 7, 0, 1, 2347783.0, 335397.57142857142, 350362.60173460998
891818046452531201, 0, 7, 0, 1, 2079162.0, 346527.0, 347590.06779490504
910871611993141248, 0, 11, 0, 1, 1902841.0, 190284.10000000001, 135645.19771775926
126907294, 0, 3, 0, 1, 2296628.0, 1148314.0, 874772.0
1007539089451540481, 0, 3, 0, 1, 820483.0, 410241.5, 410207.5
859192300177674240, 1, 3, 0, 1, 769496.0, 256498.66666666666, 328210.81903997145
2891526211, 0, 2, 0, 1, 1592.0, 1592.0, 0.0
76714681, 0, 2, 0, 1, 91.0, 91.0, 0.0
1021630910561579009, 0, 5, 0, 1, 892711.0, 223177.75, 203678.32955591398
822838273647251456, 0, 2, 0, 1, 58.0, 58.0, 0.0
596684905, 0, 3, 0, 1, 1822863.0, 911431.5, 877792.5
863213729466503168, 0, 2, 0, 1, 270496.0, 270496.0, 0.0
983390543785979905, 1, 33, 0, 1, 1594714.0, 48324.666666666664, 57098.490938858879
3224735860, 0, 5, 0, 1, 1812859.0, 453214.75, 555151.78337386926
795530320950992896, 0, 6, 0, 1, 3457921.0, 691584.19999999995, 924746.57218362263
2305077368, 0, 2, 0, 1, 18043.0, 18043.0, 0.0
1019976036958851073, 0, 10, 0, 1, 1083283.0, 120364.77777777778, 110545.50081178517
4697968778, 0, 3, 0, 1, 459083.0, 229541.5, 44689.5
2730061967, 0, 6, 0, 1, 3642852.0, 728570.40000000002, 1033930.935228964
3672436885, 0, 3, 0, 1, 155.0, 77.5, 56.5
950954752673701888, 0, 16, 0, 1, 2267388.0, 151159.20000000001, 327119.32538819325
947686572987645957, 0, 3, 0, 1, 433096.0, 216548.0, 202453.0
835581048540966913, 0, 2, 0, 1, 1815175.0, 1815175.0, 0.0
852625594307276802, 0, 3, 0, 1, 1809154.0, 904577.0, 802541.0
1018947339187359744, 0, 2, 0, 1, 721571.0, 721571.0, 0.0
740592182822854656, 1, 2, 0, 1, 749076.0, 374538.0, 120868.0
46059718, 0, 2, 0, 1, 270404.0, 270404.0, 0.0
29806795, 0, 40, 0, 1, 3915867.0, 100406.84615384616, 146839.57596721922
877343987048353792, 0, 6, 0, 1, 3023804.0, 604760.80000000005, 616875.41192153213
884429058716692481, 0, 12, 0, 1, 498919.0, 45356.272727272728, 39160.846592415626
889692158348931072, 0, 4, 0, 1, 714428.0, 238142.66666666666, 255195.48233505667
897311926451130369, 0, 3, 0, 1, 370148.0, 185074.0, 15498.0
1010998242123898880, 0, 3, 0, 1, 1247947.0, 623973.5, 623800.5
3184898277, 0, 10, 0, 1, 1235080.0, 137231.11111111112, 144029.75682857612
1019708197668638721, 0, 3, 0, 1, 183.0, 91.5, 12.5
976156815917486080, 0, 2, 0, 1, 728181.0, 728181.0, 0.0
959301375665389569, 0, 4, 0, 1, 435820.0, 145273.33333333334, 192387.5184054886
774246572754345984, 0, 2, 0, 1, 86221.0, 86221.0, 0.0
1024422804740026370, 0, 4, 0, 1, 17548.0, 5849.333333333333, 8166.1877002402753
950407523735162880, 0, 6, 0, 1, 2495878.0, 499175.59999999998, 398040.27479620703
740543509959192577, 0, 2, 0, 1, 605085.0, 605085.0, 0.0
309969954, 0, 2, 0, 1, 414985.0, 414985.0, 0.0
139132746, 0, 2, 0, 1, 3673.0, 3673.0, 0.0
4042805542, 0, 2, 0, 1, 90750.0, 90750.0, 0.0
848209977093357568, 0, 2, 0, 1, 427156.0, 427156.0, 0.0
1022744700481036289, 0, 2, 0, 1, 360907.0, 360907.0, 0.0
1308913970, 0, 3, 0, 1, 111588.0, 55794.0, 48720.0
1896141110, 0, 16, 0, 1, 1589048.0, 105936.53333333334, 116837.36891643681
1012115475759878145, 0, 2, 0, 1, 737742.0, 737742.0, 0.0
931310870797455360, 0, 3, 0, 1, 121510.0, 60755.0, 34798.0
3112030528, 0, 2, 0, 1, 345685.0, 345685.0, 0.0
2739179841, 0, 2, 0, 1, 1293960.0, 1293960.0, 0.0
2420822342, 0, 2, 0, 1, 971974.0, 971974.0, 0.0
1012759056312827904, 1, 3, 0, 1, 230142.0, 76714.0, 52120.279437726218
588017994, 0, 2, 0, 1, 28726.0, 28726.0, 0.0
1023500014205763585, 0, 2, 0, 1, 452.0, 452.0, 0.0
1680224599, 0, 6, 0, 1, 1796136.0, 359227.20000000001, 410501.34989955882
832979646597701633, 0, 3, 0, 1, 1222343.0, 611171.5, 524407.5
913260606093795328, 0, 2, 0, 1, 677914.0, 677914.0, 0.0
1017514941803384837, 0, 2, 0, 1, 2636739.0, 2636739.0, 0.0
870506259048316929, 0, 3, 0, 1, 203786.0, 101893.0, 85252.0
933399413598408706, 0, 3, 0, 1, 1613705.0, 806852.5, 418082.5
3312846116, 0, 4, 0, 1, 331975.0, 110658.33333333333, 103988.78885191851
2306036107, 0, 2, 0, 1, 3395687.0, 3395687.0, 0.0
1004544722009051136, 0, 3, 0, 1, 705084.0, 352542.0, 9608.0
1017395650466668544, 0, 2, 0, 1, 712651.0, 712651.0, 0.0
828769243479027713, 0, 2, 0, 1, 107602.0, 107602.0, 0.0
969344540552253440, 0, 5, 0, 1, 90450.0, 22612.5, 24124.917497268256
796367897262194688, 0, 2, 0, 1, 590821.0, 590821.0, 0.0
950938732697456640, 0, 4, 0, 1, 1684930.0, 561643.33333333337, 672810.72073322046
726825661910888450, 0, 3, 0, 1, 1202951.0, 601475.5, 402618.5
4218081734, 0, 2, 0, 1, 770830.0, 770830.0, 0.0
14938571, 0, 2, 0, 1, 272.0, 272.0, 0.0
1471123920, 0, 3, 0, 1, 245557.0, 122778.5, 114256.5
3244804174, 0, 3, 0, 1, 230337.0, 115168.5, 87892.5
2194649564, 1, 5, 0, 1, 3378579.0, 675715.80000000005, 814719.8283236759
951924839144665089, 0, 3, 0, 1, 1101305.0, 550652.5, 214518.5
1015672324278882305, 0, 2, 0, 1, 753581.0, 753581.0, 0.0
1001106187356704772, 0, 6, 0, 1, 1295997.0, 259199.39999999999, 188665.39581449481
14889465, 0, 2, 0, 1, 998188.0, 998188.0, 0.0
874168956193570816, 0, 2, 0, 1, 699398.0, 699398.0, 0.0
993195334426914817, 0, 3, 0, 1, 74157.0, 37078.5, 13245.5
837807880606728192, 1, 2, 0, 1, 1036795.0, 518397.5, 518391.5
1011995389589970944, 0, 2, 0, 1, 287259.0, 287259.0, 0.0
983146873153204225, 0, 2, 0, 1, 224134.0, 224134.0, 0.0
893442427150680069, 1, 1, 0, 1, 11985.0, 11985.0, 0.0
948951652622589952, 0, 6, 0, 1, 1383756.0, 276751.20000000001, 127140.98394679821
19403298, 0, 2, 0, 1, 2481365.0, 2481365.0, 0.0
4131721781, 0, 5, 0, 1, 3715286.0, 928821.5, 881390.23447888845
86392086, 0, 2, 0, 1, 2755442.0, 2755442.0, 0.0
784503672877309952, 0, 2, 0, 1, 49.0, 49.0, 0.0
982618585259528194, 0, 4, 0, 1, 427757.0, 142585.66666666666, 169254.90074112741
932762851806208001, 0, 2, 0, 1, 321062.0, 321062.0, 0.0
2808129511, 0, 52, 0, 1, 3819983.0, 74901.627450980392, 94645.061081992812
1013733750369345536, 0, 38, 0, 1, 3789343.0, 102414.67567567568, 214094.43507657939
925113245580611584, 0, 3, 0, 1, 186050.0, 93025.0, 74142.0
787021018141368320, 0, 4, 0, 1, 747254.0, 249084.66666666666, 309238.79246124491
869699052589461504, 0, 2, 0, 1, 256211.0, 256211.0, 0.0
870328366662111232, 0, 2, 0, 1, 270118.0, 270118.0, 0.0
933499773436309504, 2, 0, 0, 1, 320778.0, 320778.0, 0.0
1029259927884365825, 0, 12, 0, 1, 2145473.0, 195043.0, 170699.49948746988
4739469974, 0, 2, 0, 1, 360026.0, 360026.0, 0.0
1016506469636825088, 0, 2, 0, 1, 327533.0, 327533.0, 0.0
814596097427521541, 1, 2, 0, 1, 18233.0, 9116.5, 9115.5
843337627885494272, 0, 3, 0, 1, 2951421.0, 1475710.5, 531377.5
838109800047202305, 0, 26, 0, 1, 3827725.0, 153109.0, 139515.87343754116
932390598476214272, 0, 3, 0, 1, 651436.0, 325718.0, 67701.0
922601818651316225, 0, 2, 0, 1, 172501.0, 172501.0, 0.0
835994109575843842, 0, 12, 0, 1, 1554757.0, 141341.54545454544, 88757.262039753055
704802182227296256, 0, 2, 0, 1, 1819214.0, 1819214.0, 0.0
959964590837784577, 0, 3, 0, 1, 185500.0, 92750.0, 92492.0
793185517122752512, 0, 2, 0, 1, 1646974.0, 1646974.0, 0.0
950073562177687552, 0, 2, 0, 1, 96731.0, 96731.0, 0.0
1017092452640051200, 0, 2, 0, 1, 345573.0, 345573.0, 0.0
934277621604425728, 4, 25, 0, 1, 3173817.0, 113350.60714285714, 180153.47574902017
826643265428402177, 0, 2, 0, 1, 345628.0, 345628.0, 0.0
750260469168877568, 1, 2, 0, 1, 2076426.0, 1038213.0, 977976.0
828261760050290688, 0, 4, 0, 1, 2563585.0, 854528.33333333337, 985072.06405126629
3584750356, 0, 2, 0, 1, 77979.0, 77979.0, 0.0
900510994019086336, 0, 6, 0, 1, 2773845.0, 554769.0, 976938.5850543523
1014608362355417088, 0, 2, 0, 1, 273051.0, 273051.0, 0.0
774307266988236801, 0, 3, 0, 1, 1232786.0, 616393.0, 486205.0
971217009554927616, 0, 2, 0, 1, 651072.0, 651072.0, 0.0
4793578285, 0, 2, 0, 1, 161013.0, 161013.0, 0.0
2908631854, 1, 57, 0, 1, 2606336.0, 45725.192982456138, 53144.251373176659
862661677162037248, 0, 2, 0, 1, 180584.0, 180584.0, 0.0
4187525954, 1, 1, 0, 1, 428.0, 428.0, 0.0
333706051, 0, 5, 0, 1, 662732.0, 165683.0, 197321.07180177185
2154214212, 0, 2, 0, 1, 86242.0, 86242.0, 0.0
4867461958, 0, 2, 0, 1, 109744.0, 109744.0, 0.0
870994122408067072, 0, 6, 0, 1, 1658112.0, 331622.40000000002, 507600.63931661868
918409145883041792, 0, 2, 0, 1, 2119479.0, 2119479.0, 0.0
1894863692, 0, 2, 0, 1, 77.0, 77.0, 0.0
965811133096583169, 0, 2, 0, 1, 11407.0, 11407.0, 0.0
817047981421723648, 0, 3, 0, 2, 878482.0, 439241.0, 193774.0
810994406857854976, 0, 8, 0, 1, 2724518.0, 389216.85714285716, 464990.98838531377
635106160, 0, 2, 0, 1, 3787248.0, 3787248.0, 0.0
4886401912, 0, 2, 0, 1, 986550.0, 986550.0, 0.0
995440519688916992, 0, 3, 0, 1, 1736466.0, 868233.0, 575592.0
1015263877364363266, 0, 3, 0, 1, 449626.0, 224813.0, 159284.0
830572322356621312, 0, 2, 0, 1, 577392.0, 577392.0, 0.0
237450120, 0, 2, 0, 1, 1465392.0, 1465392.0, 0.0
848995128035483648, 0, 3, 0, 1, 274566.0, 137283.0, 94947.0
1723192214, 0, 5, 0, 1, 1909771.0, 477442.75, 677318.02562953206
62060697, 0, 3, 0, 1, 43503.0, 21751.5, 14317.5
835386508253216768, 0, 6, 0, 1, 436435.0, 87287.0, 103548.17674686504
4482552734, 0, 2, 0, 1, 160420.0, 160420.0, 0.0
1016047577454833665, 0, 4, 0, 1, 2451572.0, 817190.66666666663, 420666.38120196341
2959299498, 0, 2, 0, 1, 542671.0, 542671.0, 0.0
50243741, 0, 2, 0, 1, 92.0, 92.0, 0.0
764911490268815360, 0, 2, 0, 1, 23324.0, 23324.0, 0.0
869717406763155459, 0, 3, 0, 1, 177096.0, 88548.0, 9193.0
705442755, 0, 4, 0, 1, 2506160.0, 835386.66666666663, 824208.25723127904
1013765066, 0, 3, 0, 1, 1238278.0, 619139.0, 450662.0
754402549944479744, 0, 8, 0, 1, 1577970.0, 225424.28571428571, 252541.8914877373
988615786339192838, 0, 6, 0, 1, 1535347.0, 307069.40000000002, 187586.72170662828
1078252500, 0, 2, 0, 1, 190.0, 190.0, 0.0
709415041125244929, 0, 3, 0, 1, 854578.0, 427289.0, 218814.0
928884513958191104, 0, 3, 0, 1, 893200.0, 446600.0, 186402.0
862918638571073536, 0, 5, 0, 1, 72926.0, 18231.5, 13071.196282284189
1241901223, 3, 0, 0, 1, 1799768.0, 899884.0, 858339.0
968545706352005120, 0, 2, 0, 1, 226326.0, 226326.0, 0.0
2865812463, 139, 134, 0, 2, 1289304.0, 4740.088235294118, 19794.963544485468
826078593453268992, 0, 6, 0, 1, 572216.0, 114443.2, 220052.2321608213
901205893672562689, 0, 3, 0, 1, 1182956.0, 591478.0, 515351.0
941849035773829125, 0, 3, 0, 1, 848865.0, 424432.5, 165203.5
4416762913, 0, 2, 0, 1, 505375.0, 505375.0, 0.0
734447192304418817, 1, 28, 0, 1, 4052487.0, 144731.67857142858, 131204.87744338013
1013466164645617664, 1, 24, 0, 1, 3930177.0, 163757.375, 351474.111910087
1012079323082313729, 0, 5, 0, 1, 725545.0, 181386.25, 313057.09710640245
928432674649329664, 2, 0, 0, 1, 22.0, 22.0, 0.0
862197898091536384, 0, 20, 0, 1, 3816901.0, 200889.52631578947, 209056.93486838724
16004177, 0, 2, 0, 1, 956324.0, 956324.0, 0.0
1027851603246768128, 0, 2, 0, 1, 287789.0, 287789.0, 0.0
884930377114148865, 1, 1, 0, 1, 2160172.0, 2160172.0, 0.0
830451746807902208, 0, 2, 0, 1, 841824.0, 841824.0, 0.0
1022690956116733952, 0, 10, 0, 1, 342309.0, 38034.333333333336, 33281.954009142348
970485581888311296, 1, 1, 0, 1, 3575060.0, 3575060.0, 0.0
1964078191, 0, 2, 0, 1, 813215.0, 813215.0, 0.0
1008440456743673856, 0, 2, 0, 1, 290207.0, 290207.0, 0.0
764556163258155012, 0, 3, 0, 1, 441352.0, 220676.0, 133517.0
319840678, 0, 2, 0, 1, 400.0, 400.0, 0.0
775782450664443904, 0, 5, 0, 1, 3764462.0, 941115.5, 1551711.9527461436
971170350762471425, 0, 3, 0, 1, 857267.0, 428633.5, 427667.5
981304578527424512, 0, 2, 0, 1, 60101.0, 60101.0, 0.0
1011430866101374977, 0, 12, 0, 1, 3503451.0, 318495.54545454547, 421626.92143202614
3008091311, 0, 2, 0, 1, 1646193.0, 1646193.0, 0.0
971198335175438336, 0, 2, 0, 1, 186245.0, 186245.0, 0.0
826221844671913984, 0, 2, 0, 1, 184875.0, 184875.0, 0.0
998043148768219138, 0, 3, 0, 1, 188723.0, 94361.5, 7905.5
836949768077262849, 0, 2, 0, 1, 15262.0, 15262.0, 0.0
751895139891572736, 0, 20, 0, 1, 3527336.0, 185649.26315789475, 371207.53731300146
1013749799827337217, 0, 10, 0, 1, 3355627.0, 372847.44444444444, 431160.41130164359
915642502996221952, 0, 2, 0, 1, 418713.0, 418713.0, 0.0
2798556392, 1, 5, 0, 1, 2991982.0, 598396.40000000002, 565110.58199315297
994375268109201408, 1, 1, 0, 1, 98401.0, 98401.0, 0.0
1015353954048364544, 1, 12, 0, 1, 662364.0, 55197.0, 61589.13008396855
996399929777180673, 0, 3, 0, 1, 52802.0, 26401.0, 24089.0
860482827862892544, 0, 3, 0, 1, 1443289.0, 721644.5, 97701.5
706913077913100288, 0, 4, 0, 2, 3584444.0, 1194814.6666666667, 1568367.067427421
24958216, 0, 2, 0, 1, 709.0, 709.0, 0.0
2995221770, 0, 2, 0, 1, 2488720.0, 2488720.0, 0.0
708680807917858817, 0, 7, 0, 1, 2426061.0, 404343.5, 457179.98112987913
884606821821857792, 0, 11, 0, 1, 1388297.0, 138829.70000000001, 95447.017351041402
948844803101519872, 0, 4, 0, 1, 316194.0, 105398.0, 37503.60225365025
1018900088016592896, 0, 2, 0, 1, 14454.0, 14454.0, 0.0
858159004891131904, 0, 2, 0, 1, 895281.0, 895281.0, 0.0
962758443705733126, 0, 4, 0, 1, 839670.0, 279890.0, 192423.290348821
840728330571784194, 0, 2, 0, 1, 57140.0, 57140.0, 0.0
941745570393178112, 0, 2, 0, 1, 584617.0, 584617.0, 0.0
934068294759387138, 0, 3, 0, 1, 1511084.0, 755542.0, 133580.0
927144092341035008, 0, 3, 0, 1, 1103998.0, 551999.0, 551991.0
962649878068449280, 2, 3, 0, 1, 3286961.0, 821740.25, 328904.87277203344
1020712972019281920, 0, 5, 0, 1, 1516002.0, 379000.5, 244170.31407861604
926854772791144449, 0, 3, 0, 1, 314027.0, 157013.5, 64264.5
1012096046124675072, 0, 3, 0, 1, 660227.0, 330113.5, 84339.5
944387192553725953, 0, 3, 0, 1, 542245.0, 271122.5, 82619.5
937128831000903680, 1, 25, 0, 1, 2662967.0, 106518.67999999999, 106281.97312647899
3439629729, 0, 3, 0, 1, 2549855.0, 1274927.5, 359140.5
924650186873425920, 0, 3, 0, 1, 352127.0, 176063.5, 22079.5
820762530171584513, 0, 8, 0, 1, 1223164.0, 174737.71428571429, 156216.53352475146
877643780421189633, 0, 16, 0, 1, 2947375.0, 196491.66666666666, 230477.37875278684
1161229754, 0, 2, 0, 1, 820337.0, 820337.0, 0.0
905749262511869952, 0, 2, 0, 1, 1517758.0, 1517758.0, 0.0
922630299502116864, 2, 8, 0, 1, 2921697.0, 324633.0, 467730.41484456265
4538873295, 0, 8, 0, 1, 938073.0, 134010.42857142858, 199439.17888552041
964737751353446400, 1, 9, 0, 1, 1821866.0, 202429.55555555556, 146709.0530896752
986705324735377411, 0, 7, 0, 1, 185274.0, 30879.0, 22538.324908179547
905121675968053250, 10, 0, 0, 1, 823277.0, 91475.222222222219, 162207.66433856581
790859357818908672, 0, 2, 0, 1, 167949.0, 167949.0, 0.0
751172277299847168, 0, 2, 0, 1, 741000.0, 741000.0, 0.0
920005682769907712, 0, 2, 0, 1, 833099.0, 833099.0, 0.0
1029827158749966338, 0, 2, 0, 1, 57760.0, 57760.0, 0.0
373860606, 0, 3, 0, 1, 233823.0, 116911.5, 72251.5
859825683379478528, 0, 2, 0, 1, 1106932.0, 1106932.0, 0.0
1027994907951153152, 0, 8, 0, 1, 1666900.0, 238128.57142857142, 223910.39766188181
701137194413592576, 0, 2, 0, 1, 175263.0, 175263.0, 0.0
881328462467813376, 0, 2, 0, 1, 2186997.0, 2186997.0, 0.0
810394581539950593, 0, 2, 0, 1, 216455.0, 216455.0, 0.0
1013080587559677953, 0, 4, 0, 1, 128352.0, 42784.0, 24286.054064009659
847596308957458432, 2, 15, 0, 1, 2945959.0, 184122.4375, 328340.00161303236
906055364533202944, 0, 7, 0, 1, 955691.0, 159281.83333333334, 134887.79889401497
4144125465, 0, 5, 0, 1, 392178.0, 98044.5, 144734.48446811148
953667221984894976, 1, 1, 0, 1, 292566.0, 292566.0, 0.0
896181403850813440, 0, 2, 0, 1, 2280457.0, 2280457.0, 0.0
3058136616, 0, 2, 0, 1, 2663647.0, 2663647.0, 0.0
948294410600681473, 0, 2, 0, 1, 3448894.0, 3448894.0, 0.0
951281611772919809, 0, 2, 0, 1, 1050519.0, 1050519.0, 0.0
932284896084668422, 0, 7, 0, 1, 2684246.0, 447374.33333333331, 584896.11534205137
731948939730141186, 0, 2, 0, 1, 89345.0, 89345.0, 0.0
863447632127168515, 0, 2, 0, 1, 94836.0, 94836.0, 0.0
934652938093514752, 0, 3, 0, 1, 950561.0, 475280.5, 192737.5
4312725074, 0, 2, 0, 1, 2908831.0, 2908831.0, 0.0
1317394033, 0, 2, 0, 1, 81576.0, 81576.0, 0.0
892509586560765953, 0, 2, 0, 1, 1177340.0, 1177340.0, 0.0
906363018673455104, 0, 4, 0, 1, 2173402.0, 724467.33333333337, 292111.00521814573
816474549143244800, 0, 2, 0, 1, 88294.0, 88294.0, 0.0
937314075423444992, 0, 2, 0, 1, 83455.0, 83455.0, 0.0
3219019391, 0, 2, 0, 1, 3107575.0, 3107575.0, 0.0
887937845956141056, 0, 4, 0, 1, 1958729.0, 652909.66666666663, 362431.39244306949
1600632452, 0, 2, 0, 1, 383.0, 383.0, 0.0
2250880645, 0, 5, 0, 1, 1841427.0, 460356.75, 516185.43063194596
945768224825724928, 0, 4, 0, 1, 3153735.0, 1051245.0, 1344769.5430347908
1002527668779343873, 0, 4, 0, 1, 173733.0, 57911.0, 32630.549928964829
764868223955337217, 0, 3, 0, 1, 695635.0, 347817.5, 223040.5
1025941823703924741, 0, 2, 0, 1, 462622.0, 462622.0, 0.0
743269925628719104, 0, 7, 0, 1, 1930411.0, 321735.16666666669, 358775.72020990896
997727776227643392, 0, 4, 0, 1, 609461.0, 203153.66666666666, 270859.18156529643
946826893998940160, 0, 7, 0, 1, 1959819.0, 326636.5, 220677.38384253002
3015333543, 0, 2, 0, 1, 62906.0, 62906.0, 0.0
815169044462456832, 3, 1, 0, 1, 2029451.0, 676483.66666666663, 492067.87991450488
1016771233801752578, 0, 2, 0, 1, 71975.0, 71975.0, 0.0
763011230697070592, 0, 2, 0, 1, 236529.0, 236529.0, 0.0
2811426484, 1, 15, 0, 1, 2391074.0, 159404.93333333332, 296280.96846348775
1003054299763572737, 0, 2, 0, 1, 55278.0, 55278.0, 0.0
1018553008039264256, 0, 10, 0, 1, 2423268.0, 269252.0, 230909.86412643545
900174725090955264, 0, 2, 0, 1, 1929121.0, 1929121.0, 0.0
875874705487441920, 0, 2, 0, 1, 809876.0, 809876.0, 0.0
827560738453647361, 0, 2, 0, 1, 189374.0, 189374.0, 0.0
926501675594076161, 0, 3, 0, 1, 63479.0, 31739.5, 20398.5
980180020365840385, 0, 3, 0, 1, 6293.0, 3146.5, 2862.5
886218216590233600, 0, 4, 0, 1, 473040.0, 157680.0, 207698.89497218482
3290543857, 0, 4, 0, 1, 3626762.0, 1208920.6666666667, 703347.78498328186
779887327074250752, 0, 2, 0, 1, 716870.0, 716870.0, 0.0
949863399185436673, 0, 2, 0, 1, 373977.0, 373977.0, 0.0
869685430966509568, 0, 2, 0, 1, 213828.0, 213828.0, 0.0
1004463505288912897, 1, 2, 0, 1, 84024.0, 42012.0, 10729.0
945855942444376064, 0, 7, 0, 1, 501390.0, 83565.0, 83416.085273365185
803959646256037888, 0, 30, 0, 1, 924189.0, 31868.586206896551, 38701.821494616881
957753901599674368, 1, 1, 0, 1, 6214.0, 6214.0, 0.0
757185584657989632, 0, 4, 0, 1, 1208461.0, 402820.33333333331, 346270.56276687584
978368572761223169, 0, 2, 0, 1, 2381570.0, 2381570.0, 0.0
997870875818029056, 0, 2, 0, 1, 1849679.0, 1849679.0, 0.0
976970227534704640, 0, 2, 0, 1, 3989946.0, 3989946.0, 0.0
927209210777096194, 0, 4, 0, 1, 351548.0, 117182.66666666667, 125937.35305125146
778089961094537217, 0, 6, 0, 1, 764451.0, 152890.20000000001, 129981.17918591137
968693551, 0, 2, 0, 1, 46.0, 46.0, 0.0
704748561167228928, 0, 3, 0, 1, 437220.0, 218610.0, 84407.0
845997576352481280, 0, 2, 0, 1, 493111.0, 493111.0, 0.0
752932125750489088, 0, 2, 0, 1, 85144.0, 85144.0, 0.0
940984062226960384, 0, 9, 0, 1, 1857656.0, 232207.0, 223398.56447054443
838739400196513792, 0, 6, 0, 1, 2791408.0, 558281.59999999998, 811063.931028769
979805469798797312, 0, 4, 0, 1, 537089.0, 179029.66666666666, 155726.3547002312
767364475498496000, 0, 6, 0, 1, 3407656.0, 681531.19999999995, 498239.49050768744
917570892720427008, 0, 23, 0, 1, 3039863.0, 138175.59090909091, 140305.11679992906
872273838226255873, 0, 2, 0, 1, 1890595.0, 1890595.0, 0.0
967500691299323905, 0, 5, 0, 1, 1032083.0, 258020.75, 162454.12426185893
902632543064875011, 0, 6, 0, 1, 2316232.0, 463246.40000000002, 261111.03808349429
921744737119428608, 0, 11, 0, 1, 2764884.0, 276488.40000000002, 387727.67638413433
805068335473971200, 0, 2, 0, 1, 1593374.0, 1593374.0, 0.0
2893133671, 1, 1, 0, 1, 5.0, 5.0, 0.0
953234953025630209, 0, 2, 0, 1, 29043.0, 29043.0, 0.0
951537595833466880, 0, 3, 0, 1, 1625290.0, 812645.0, 640379.0
803865877296902144, 0, 3, 0, 1, 96873.0, 48436.5, 790.5
2292332411, 0, 2, 0, 1, 1465232.0, 1465232.0, 0.0
1011562533864419328, 2, 0, 0, 1, 859817.0, 859817.0, 0.0
901910512052658180, 0, 2, 0, 1, 126473.0, 126473.0, 0.0
867744832810344448, 0, 8, 0, 1, 1074244.0, 153463.42857142858, 172790.24920476531
4297283478, 0, 3, 0, 1, 2854067.0, 1427033.5, 1068791.5
1028697222140108801, 0, 3, 0, 1, 1319705.0, 659852.5, 636372.5
762043112009175040, 1, 1, 0, 1, 96784.0, 96784.0, 0.0
764543867924254720, 0, 2, 0, 1, 1153668.0, 1153668.0, 0.0
892086302216204288, 0, 3, 0, 1, 1914476.0, 957238.0, 769608.0
948321330369351681, 0, 2, 0, 1, 84757.0, 84757.0, 0.0
734671894436270080, 0, 3, 0, 1, 2517721.0, 1258860.5, 296429.5
948750014435790849, 0, 2, 0, 1, 125995.0, 125995.0, 0.0
923199148509290502, 0, 2, 0, 1, 2163627.0, 2163627.0, 0.0
910829807159660545, 0, 9, 0, 1, 3289721.0, 411215.125, 501014.72299136018
777533191506817026, 0, 6, 0, 1, 437252.0, 87450.399999999994, 73626.361593114183
852780592236077058, 0, 2, 0, 1, 696850.0, 696850.0, 0.0
878506497889640448, 0, 3, 0, 1, 484548.0, 242274.0, 63519.0
972034776193380352, 0, 3, 0, 1, 343117.0, 171558.5, 87916.5
1008192422126419970, 0, 3, 0, 1, 1750938.0, 875469.0, 768432.0
1015130167067283456, 0, 2, 0, 1, 128942.0, 128942.0, 0.0
3541710810, 0, 2, 0, 1, 2448007.0, 2448007.0, 0.0
2514539514, 0, 2, 0, 1, 964616.0, 964616.0, 0.0
945045193610420224, 0, 2, 0, 1, 227326.0, 227326.0, 0.0
755596431197556736, 0, 2, 0, 1, 85692.0, 85692.0, 0.0
976913196966592512, 0, 3, 0, 1, 3170953.0, 1585476.5, 960826.5
754157948222439424, 0, 2, 0, 1, 3063341.0, 3063341.0, 0.0
991116181221208064, 0, 22, 0, 1, 1469034.0, 69954.0, 84541.431561549689
738908015957561349, 0, 4, 0, 1, 849468.0, 283156.0, 336508.22155285696
745368407042818052, 0, 22, 0, 1, 1482893.0, 70613.952380952382, 103274.28514834898
743725040047263744, 0, 2, 0, 1, 489345.0, 489345.0, 0.0
1720581601, 0, 2, 0, 1, 240290.0, 240290.0, 0.0
763432396981202948, 0, 2, 0, 1, 430671.0, 430671.0, 0.0
960158409994760193, 0, 4, 0, 1, 326663.0, 108887.66666666667, 52783.001028319297
804789830001557504, 0, 2, 0, 1, 1871478.0, 1871478.0, 0.0
4724799497, 0, 4, 0, 1, 3096352.0, 1032117.3333333334, 816047.50659273646
25737226, 1, 6, 0, 1, 856550.0, 142758.33333333334, 40748.310045393977
806698594426359809, 0, 2, 0, 1, 1086716.0, 1086716.0, 0.0
806933209141256192, 1, 5, 0, 1, 2675705.0, 535141.0, 618624.1566201566
1027920472221077507, 0, 3, 0, 1, 1716078.0, 858039.0, 650098.0
798083344516976640, 0, 3, 0, 1, 428044.0, 214022.0, 112714.0
986334214567153665, 0, 3, 0, 1, 150230.0, 75115.0, 75021.0
1002912947239301120, 0, 2, 0, 1, 1644599.0, 1644599.0, 0.0
1632368684, 0, 2, 0, 1, 2448776.0, 2448776.0, 0.0
753321836163702784, 0, 7, 0, 1, 2044462.0, 340743.66666666669, 447220.71881106857
2944530480, 0, 2, 0, 1, 1038126.0, 1038126.0, 0.0
855194300656885762, 0, 3, 0, 1, 1871290.0, 935645.0, 878011.0
1008196913030500353, 0, 5, 0, 1, 2145318.0, 536329.5, 879474.7940994387
914740559268515840, 0, 2, 0, 1, 156170.0, 156170.0, 0.0
957612379545722881, 1, 1, 0, 1, 152674.0, 152674.0, 0.0
915222724221341697, 0, 3, 0, 1, 618684.0, 309342.0, 235457.0
1023791603683479552, 0, 2, 0, 1, 511833.0, 511833.0, 0.0
4821375051, 0, 2, 0, 1, 22.0, 22.0, 0.0
732781434608345088, 0, 12, 0, 1, 959466.0, 87224.181818181823, 201241.42906461118
3291730959, 0, 8, 0, 1, 2074998.0, 296428.28571428574, 290189.73059003719
906483810, 0, 2, 0, 1, 381700.0, 381700.0, 0.0
705937610825306112, 0, 2, 0, 1, 650430.0, 650430.0, 0.0
960261834619084802, 0, 3, 0, 1, 180202.0, 90101.0, 7234.0
2928121980, 0, 2, 0, 1, 1676134.0, 1676134.0, 0.0
807480597614624772, 0, 4, 0, 1, 187091.0, 62363.666666666664, 21822.723727548055
985817833685708800, 0, 2, 0, 1, 244.0, 244.0, 0.0
3213023363, 0, 2, 0, 1, 1569610.0, 1569610.0, 0.0
846205912440324097, 0, 4, 0, 1, 1901910.0, 633970.0, 305342.09710749023
816728829490302976, 1, 2, 0, 1, 1266248.0, 633124.0, 116170.0
1012667754627858434, 0, 2, 0, 1, 121651.0, 121651.0, 0.0
967872799221141504, 0, 2, 0, 1, 115.0, 115.0, 0.0
772651266011004929, 0, 2, 0, 1, 578823.0, 578823.0, 0.0
812282206920048645, 0, 2, 0, 1, 229255.0, 229255.0, 0.0
795100052050087936, 0, 2, 0, 1, 1196214.0, 1196214.0, 0.0
745712201093255168, 0, 30, 0, 1, 2689212.0, 92731.448275862072, 10807.038640550847
1017286619290918912, 0, 4, 0, 1, 1713582.0, 571194.0, 567809.7626394484
722070549099384833, 0, 3, 0, 1, 2126323.0, 1063161.5, 985186.5
945343475251326976, 0, 8, 0, 1, 700252.0, 100036.0, 74713.006140640791
2778269972, 0, 2, 0, 1, 2947754.0, 2947754.0, 0.0
754986381710065664, 0, 2, 0, 1, 1958511.0, 1958511.0, 0.0
888912637446291456, 0, 2, 0, 1, 2329597.0, 2329597.0, 0.0
742765494420307974, 0, 2, 0, 1, 42648.0, 42648.0, 0.0
989908885199876101, 0, 7, 0, 1, 1527724.0, 254620.66666666666, 235782.25760905384
989973680301264896, 0, 3, 0, 1, 1394315.0, 697157.5, 249508.5
2687618341, 0, 2, 0, 1, 3543.0, 3543.0, 0.0
3279066145, 0, 3, 0, 1, 288108.0, 144054.0, 116916.0
985592605068099584, 0, 3, 0, 1, 754305.0, 377152.5, 137304.5
913159416421261315, 0, 3, 0, 1, 1231277.0, 615638.5, 119863.5
1021286876584529920, 1, 7, 0, 1, 561561.0, 80223.0, 89270.566627528475
901176034292244480, 0, 22, 0, 1, 3570251.0, 170011.95238095237, 215182.55676594947
1013181970048802816, 0, 3, 0, 1, 1374405.0, 687202.5, 506750.5
1022648718695133185, 0, 7, 0, 1, 1858617.0, 309769.5, 196925.06075133421
987763667147087872, 0, 9, 0, 1, 2616645.0, 327080.625, 309893.58681204484
963770600, 0, 2, 0, 1, 1601451.0, 1601451.0, 0.0
969025431323185153, 2, 0, 0, 1, 71550.0, 71550.0, 0.0
770140423532716032, 1, 1, 0, 1, 2832783.0, 2832783.0, 0.0
967627473776078848, 0, 2, 0, 1, 14022.0, 14022.0, 0.0
990636812770013184, 0, 2, 0, 1, 51028.0, 51028.0, 0.0
870752946312679424, 0, 2, 0, 1, 1691948.0, 1691948.0, 0.0
69638401, 0, 2, 0, 1, 194.0, 194.0, 0.0
977768845799653376, 0, 13, 0, 1, 1549935.0, 129161.25, 391389.54742688371
976843733592403968, 0, 2, 0, 1, 256.0, 256.0, 0.0
2913196311, 0, 2, 0, 1, 101223.0, 101223.0, 0.0
1206417691, 0, 2, 0, 1, 1193918.0, 1193918.0, 0.0
4570577182, 0, 3, 0, 1, 3548020.0, 1774010.0, 727499.0
1001060842870398976, 0, 3, 0, 1, 93163.0, 46581.5, 16557.5
730498948289470465, 0, 4, 0, 1, 2030454.0, 676818.0, 644816.1839537425
28956972, 0, 2, 0, 1, 1601078.0, 1601078.0, 0.0
981015818539446272, 0, 2, 0, 1, 575759.0, 575759.0, 0.0
949963851205890053, 0, 4, 0, 1, 1013344.0, 337781.33333333331, 139073.11273890754
974454832005337089, 2, 0, 0, 1, 31.0, 31.0, 0.0
758290152137625600, 0, 2, 0, 1, 499519.0, 499519.0, 0.0
978744283896434689, 0, 3, 0, 1, 381182.0, 190591.0, 190406.0
900129846201810944, 0, 5, 0, 1, 789264.0, 197316.0, 123338.36170672935
252994615, 0, 2, 0, 1, 177409.0, 177409.0, 0.0
897828452019167235, 0, 4, 0, 1, 2862267.0, 954089.0, 359320.65333719226
935235324950798337, 0, 2, 0, 1, 231264.0, 231264.0, 0.0
823333580206010368, 0, 2, 0, 1, 173121.0, 173121.0, 0.0
894905872320798720, 0, 3, 0, 1, 258936.0, 129468.0, 71778.0
1016815964355284994, 0, 3, 0, 1, 170210.0, 85105.0, 800.0
954816419442675712, 0, 2, 0, 1, 445413.0, 445413.0, 0.0
741807752008339456, 0, 2, 0, 1, 3481340.0, 3481340.0, 0.0
709481677953900548, 0, 2, 0, 1, 1250663.0, 1250663.0, 0.0
825359792520572928, 1, 2, 0, 1, 2592777.0, 1296388.5, 746897.5
980010397234167808, 0, 3, 0, 1, 1804.0, 902.0, 551.0
928754855908446208, 1, 5, 0, 1, 1770186.0, 354037.20000000001, 298823.33211139991
15437306, 1, 2, 0, 1, 1454.0, 727.0, 89.0
885995808717381633, 0, 11, 0, 1, 1085687.0, 108568.7, 112897.91830680492
870659792058163201, 0, 4, 0, 1, 1865678.0, 621892.66666666663, 327754.31110547151
951696788137836544, 0, 2, 0, 1, 6934.0, 6934.0, 0.0
58188877, 0, 2, 0, 1, 395237.0, 395237.0, 0.0
772192665173495808, 0, 5, 0, 1, 1268743.0, 317185.75, 188842.72068360882
742777727464378368, 0, 3, 0, 1, 326018.0, 163009.0, 155731.0
1008119656400506880, 0, 4, 0, 1, 1034865.0, 344955.0, 335636.18725141464
814269925594374144, 0, 6, 0, 1, 3166947.0, 633389.40000000002, 618420.91176757601
17405012, 0, 2, 0, 1, 1122051.0, 1122051.0, 0.0
846695608580739072, 0, 2, 0, 1, 103834.0, 103834.0, 0.0
875834310070349825, 0, 5, 0, 1, 1236073.0, 309018.25, 315422.03764668613
960676935968927745, 0, 3, 0, 1, 495258.0, 247629.0, 107943.0
800438709883518976, 0, 4, 0, 1, 495594.0, 165198.0, 100258.37700993702
971154747372732416, 0, 2, 0, 1, 122260.0, 122260.0, 0.0
1019425583644794880, 0, 2, 0, 1, 102.0, 102.0, 0.0
809190285653774336, 0, 10, 0, 1, 417488.0, 46387.555555555555, 51855.508817206275
836371535308996609, 0, 2, 0, 1, 105098.0, 105098.0, 0.0
994732852708130816, 0, 2, 0, 1, 1772309.0, 1772309.0, 0.0
899856511853142016, 0, 4, 0, 1, 2492170.0, 830723.33333333337, 1109935.840304995
879048861578219520, 2, 0, 0, 1, 35706.0, 35706.0, 0.0
901831924406210560, 0, 3, 0, 1, 100209.0, 50104.5, 34269.5
907578356794888192, 2, 0, 0, 1, 1557934.0, 1557934.0, 0.0
946891154884141058, 0, 3, 0, 1, 1557446.0, 778723.0, 138869.0
826969462360285185, 0, 2, 0, 1, 1811.0, 1811.0, 0.0
899243168671162369, 0, 3, 0, 1, 1063407.0, 531703.5, 99549.5
936751249310937088, 1, 2, 0, 1, 1733306.0, 866653.0, 866557.0
994647063613853696, 0, 2, 0, 1, 939923.0, 939923.0, 0.0
1019070512297840640, 0, 10, 0, 1, 2019320.0, 224368.88888888888, 192637.07699796782
769259746968821760, 0, 4, 0, 1, 777579.0, 259193.0, 242940.76019611585
2788194945, 0, 3, 0, 1, 329384.0, 164692.0, 163500.0
844629487757119489, 0, 2, 0, 1, 2245347.0, 2245347.0, 0.0
4663597718, 0, 4, 0, 1, 2591974.0, 863991.33333333337, 727602.02656687412
741940103677939712, 0, 3, 0, 1, 635803.0, 317901.5, 92219.5
1016031659391705088, 0, 2, 0, 1, 56206.0, 56206.0, 0.0
760129195448082432, 0, 2, 0, 1, 257856.0, 257856.0, 0.0
968668786873257986, 0, 3, 0, 1, 613042.0, 306521.0, 279276.0
900770817952317440, 0, 2, 0, 1, 171930.0, 171930.0, 0.0
918780289719160834, 0, 11, 0, 1, 2314498.0, 231449.79999999999, 377059.87684578693
3437099716, 0, 2, 0, 1, 409224.0, 409224.0, 0.0
892261897743028224, 0, 2, 0, 1, 87991.0, 87991.0, 0.0
1014119818507771905, 3, 3, 0, 1, 449776.0, 89955.199999999997, 114681.50054372326
755954917475356672, 0, 2, 0, 1, 276525.0, 276525.0, 0.0
292957988, 0, 2, 0, 1, 540458.0, 540458.0, 0.0
980810811282092032, 0, 10, 0, 1, 3868876.0, 429875.11111111112, 390321.05963949568
821945294392791040, 0, 6, 0, 1, 2813320.0, 562664.0, 864744.80778204161
2806482043, 0, 2, 0, 1, 399459.0, 399459.0, 0.0
2183604102, 0, 2, 0, 1, 221762.0, 221762.0, 0.0
14203650, 3, 0, 0, 1, 1826325.0, 913162.5, 913079.5
851430396390760448, 0, 6, 0, 1, 3967755.0, 793551.0, 709657.27968167851
957998733093982209, 0, 7, 0, 1, 1063713.0, 177285.5, 103778.17658954121
987349992560934912, 2, 22, 0, 1, 2146051.0, 93306.565217391311, 135678.39674113836
153959189, 1, 1, 0, 1, 263.0, 263.0, 0.0
872863844804292608, 0, 3, 0, 1, 2595038.0, 1297519.0, 1206469.0
868605150780416001, 0, 2, 0, 1, 2296488.0, 2296488.0, 0.0
982343362652057600, 0, 4, 0, 1, 515288.0, 171762.66666666666, 156925.6104471868
4049984294, 0, 4, 0, 1, 270725.0, 90241.666666666672, 67273.954922309189
1018026020727709697, 0, 2, 0, 1, 2203453.0, 2203453.0, 0.0
922449461170921472, 0, 2, 0, 1, 182644.0, 182644.0, 0.0
76184375, 0, 2, 0, 1, 110.0, 110.0, 0.0
908852018026074118, 0, 2, 0, 1, 1148930.0, 1148930.0, 0.0
903346269195788290, 0, 2, 0, 1, 2019836.0, 2019836.0, 0.0
914823259509739520, 0, 2, 0, 1, 55857.0, 55857.0, 0.0
4332436293, 0, 3, 0, 1, 264241.0, 132120.5, 3014.5
753163025696174080, 0, 2, 0, 1, 331233.0, 331233.0, 0.0
2886466381, 0, 6, 0, 1, 1124057.0, 224811.39999999999, 167406.58738962453
24140631, 0, 2, 0, 1, 18.0, 18.0, 0.0
269692731, 1, 1, 0, 1, 1067856.0, 1067856.0, 0.0
947885834207973376, 0, 2, 0, 1, 14.0, 14.0, 0.0
948149881276788737, 0, 5, 0, 1, 2187537.0, 546884.25, 389275.1779733554
987471932974092293, 0, 10, 0, 1, 1121583.0, 124620.33333333333, 97259.836558228562
49917758, 0, 4, 0, 1, 107065.0, 35688.333333333336, 23110.602766311011
857302411106537480, 0, 2, 0, 1, 386974.0, 386974.0, 0.0
800123044169551872, 0, 2, 0, 1, 2340.0, 2340.0, 0.0
991692380909719552, 0, 4, 0, 1, 1054770.0, 351590.0, 459442.97268395202
3069369230, 0, 3, 0, 1, 2063758.0, 1031879.0, 981594.0
987552430832336896, 0, 2, 0, 1, 2520040.0, 2520040.0, 0.0
923287872802906113, 0, 6, 0, 1, 845507.0, 169101.39999999999, 154064.17446583745
994672587660808192, 0, 10, 0, 1, 561077.0, 62341.888888888891, 84781.210450382816
4697193373, 0, 2, 0, 1, 154278.0, 154278.0, 0.0
806311620746088448, 0, 4, 0, 1, 3695109.0, 1231703.0, 877935.30980363244
3438230434, 0, 2, 0, 1, 780587.0, 780587.0, 0.0
1012499128474103809, 0, 2, 0, 1, 921810.0, 921810.0, 0.0
894149027939397632, 0, 2, 0, 1, 777551.0, 777551.0, 0.0
41393064, 0, 3, 0, 1, 314.0, 157.0, 65.0
781081103046090752, 0, 2, 0, 1, 1465576.0, 1465576.0, 0.0
420346801, 0, 6, 0, 1, 3214288.0, 642857.59999999998, 403334.02031794935
1025471750711197696, 0, 3, 0, 1, 1213244.0, 606622.0, 495392.0
989512740250112000, 0, 2, 0, 1, 72077.0, 72077.0, 0.0
925339149317627905, 0, 2, 0, 1, 600107.0, 600107.0, 0.0
4330322896, 0, 2, 0, 1, 53241.0, 53241.0, 0.0
722666638798098432, 0, 2, 0, 1, 3455403.0, 3455403.0, 0.0
909999584075796481, 0, 4, 0, 1, 345402.0, 115134.0, 81926.863921426891
708047247653507072, 0, 6, 0, 1, 3656820.0, 731364.0, 669346.60529444681
883522046130479104, 0, 2, 0, 1, 872875.0, 872875.0, 0.0
988872855193612289, 1, 12, 0, 1, 3818464.0, 318205.33333333331, 293988.71787885937
814990559760842752, 0, 2, 0, 1, 87025.0, 87025.0, 0.0
1031403195338125314, 0, 2, 0, 1, 22217.0, 22217.0, 0.0
869002294888603648, 0, 2, 0, 1, 48.0, 48.0, 0.0
4193852428, 0, 11, 0, 1, 2412329.0, 241232.89999999999, 466844.10003842827
873561726859476992, 0, 2, 0, 1, 1081389.0, 1081389.0, 0.0
1016733634332708864, 0, 10, 0, 1, 2642469.0, 293607.66666666669, 220702.74512414506
3552963075, 0, 5, 0, 1, 516836.0, 129209.0, 177088.94893103861
880998340682334208, 0, 2, 0, 1, 3442113.0, 3442113.0, 0.0
805808572860796928, 0, 6, 0, 1, 868419.0, 173683.79999999999, 110745.49038114374
1014166944809971717, 0, 2, 0, 1, 92545.0, 92545.0, 0.0
1010289150308769792, 0, 8, 0, 1, 2249703.0, 321386.14285714284, 333437.33075451205
1004958979641040896, 0, 3, 0, 1, 2073765.0, 1036882.5, 519318.5
1292109380, 0, 2, 0, 1, 176638.0, 176638.0, 0.0
810592295741509635, 0, 4, 0, 1, 632824.0, 210941.33333333334, 140872.6507294995
2658769976, 0, 2, 0, 1, 2148229.0, 2148229.0, 0.0
1012486056237821958, 0, 9, 0, 1, 2158790.0, 269848.75, 372864.92456912261
880140421044817921, 0, 3, 0, 1, 68072.0, 34036.0, 23527.0
848177660417257472, 0, 2, 0, 1, 54764.0, 54764.0, 0.0
847897715765903362, 0, 2, 0, 1, 335644.0, 335644.0, 0.0
735060305131245568, 1, 1, 0, 1, 78094.0, 78094.0, 0.0
896851826468958209, 0, 5, 0, 1, 1498438.0, 374609.5, 342651.77191465098
998369368089116672, 0, 3, 0, 1, 2769509.0, 1384754.5, 207336.5
741174629503373313, 0, 2, 0, 1, 356308.0, 356308.0, 0.0
1599487068, 0, 3, 0, 1, 677184.0, 338592.0, 166558.0
1020610326931345408, 0, 2, 0, 1, 470238.0, 470238.0, 0.0
3224648810, 0, 2, 0, 1, 177283.0, 177283.0, 0.0
961112788541280257, 0, 2, 0, 1, 430954.0, 430954.0, 0.0
938036946194092032, 0, 3, 0, 1, 6683.0, 3341.5, 24.5
953096932024516608, 0, 4, 0, 1, 1119479.0, 373159.66666666669, 21567.887028841953
774661654449500160, 1, 1, 0, 1, 4.0, 4.0, 0.0
970156482351325184, 0, 2, 0, 1, 215719.0, 215719.0, 0.0
735559730651910144, 0, 2, 0, 1, 14062.0, 14062.0, 0.0
469783746, 0, 3, 0, 1, 878439.0, 439219.5, 218872.5
909369249076039680, 0, 2, 0, 1, 2048863.0, 2048863.0, 0.0
2890952558, 0, 8, 0, 1, 1983850.0, 283407.14285714284, 326883.86363068217
4856094575, 0, 2, 0, 1, 2617459.0, 2617459.0, 0.0
957045667062575104, 0, 3, 0, 1, 244632.0, 122316.0, 93688.0
970783635363323904, 0, 3, 0, 1, 2445764.0, 1222882.0, 1028443.0
842898932783104001, 0, 46, 0, 1, 3484909.0, 77442.422222222216, 123551.680718545
888455835629662208, 0, 6, 0, 1, 810578.0, 162115.60000000001, 266686.41340390779
1017245282646593537, 0, 3, 0, 1, 505328.0, 252664.0, 110266.0
708013091058008064, 0, 2, 0, 1, 129234.0, 129234.0, 0.0
1007541400408186880, 1, 1, 0, 1, 376026.0, 376026.0, 0.0
1125539006, 0, 9, 0, 1, 3206686.0, 400835.75, 582611.20673454914
984855681223331842, 0, 2, 0, 1, 602570.0, 602570.0, 0.0
1002338508642582528, 0, 5, 0, 1, 658472.0, 164618.0, 188157.27221529334
951188264160907264, 0, 5, 0, 1, 1052470.0, 263117.5, 312915.35357225605
844880911128809474, 0, 2, 0, 1, 1827865.0, 1827865.0, 0.0
915679088161026050, 0, 10, 0, 1, 682605.0, 75845.0, 188615.66624281829
808188666375872512, 0, 3, 0, 1, 3070940.0, 1535470.0, 1161310.0
896837197936152576, 0, 3, 0, 1, 1267191.0, 633595.5, 287970.5
861072668740780040, 0, 2, 0, 1, 1034917.0, 1034917.0, 0.0
1007434051135983617, 0, 2, 0, 1, 129236.0, 129236.0, 0.0
828419885210284032, 0, 3, 0, 1, 3587608.0, 1793804.0, 1475105.0
1027071976416915456, 0, 3, 0, 1, 564017.0, 282008.5, 165979.5
865649948552974336, 0, 5, 0, 1, 1063307.0, 265826.75, 435460.7194285008
965303244816871425, 0, 2, 0, 1, 958746.0, 958746.0, 0.0
975395838578044929, 0, 2, 0, 1, 381695.0, 381695.0, 0.0
914083226049802240, 0, 3, 0, 1, 3537932.0, 1768966.0, 895505.0
379486084, 0, 2, 0, 1, 1092.0, 1092.0, 0.0
946450924599480320, 0, 3, 0, 1, 607794.0, 303897.0, 264402.0
776191455194820608, 0, 5, 0, 1, 387179.0, 96794.75, 121906.52858312184
867482357061885953, 0, 4, 0, 1, 1173143.0, 391047.66666666669, 273648.75574396865
923566736493903873, 0, 9, 0, 1, 3043178.0, 380397.25, 259418.17758965446
920355785057734662, 1, 1, 0, 1, 648926.0, 648926.0, 0.0
935167521971466245, 0, 2, 0, 1, 937982.0, 937982.0, 0.0
968826868529995776, 0, 2, 0, 1, 5014.0, 5014.0, 0.0
885244350191501312, 0, 2, 0, 1, 2093423.0, 2093423.0, 0.0
857322080261550080, 0, 2, 0, 1, 34795.0, 34795.0, 0.0
905691691138523136, 0, 2, 0, 1, 1900682.0, 1900682.0, 0.0
1007057946084192256, 0, 2, 0, 1, 78306.0, 78306.0, 0.0
908432128333025287, 0, 3, 0, 1, 1049071.0, 524535.5, 361800.5
848027584331784193, 0, 2, 0, 1, 2430700.0, 2430700.0, 0.0
981694218266542080, 0, 3, 0, 1, 2484098.0, 1242049.0, 1242015.0
970225986825543680, 0, 2, 0, 1, 479755.0, 479755.0, 0.0
878018809373896704, 0, 2, 0, 1, 112511.0, 112511.0, 0.0
990239207246434305, 1, 25, 0, 1, 3555605.0, 142224.20000000001, 121507.95769561762
891803847298998272, 0, 4, 0, 1, 2786306.0, 928768.66666666663, 810383.06463315384
3368074632, 0, 2, 0, 1, 223854.0, 223854.0, 0.0
980890479070990336, 0, 2, 0, 1, 2636210.0, 2636210.0, 0.0
858335751561506816, 0, 3, 0, 1, 39567.0, 19783.5, 19639.5
878363835933089793, 0, 2, 0, 1, 191510.0, 191510.0, 0.0
883437085658673152, 0, 2, 0, 1, 110255.0, 110255.0, 0.0
771939518568169473, 0, 2, 0, 1, 1013873.0, 1013873.0, 0.0
1024113395245752325, 0, 2, 0, 1, 622078.0, 622078.0, 0.0
876896286661914625, 0, 6, 0, 1, 1767722.0, 353544.40000000002, 201100.02646006786
972628481556254720, 0, 2, 0, 1, 1280241.0, 1280241.0, 0.0
954111192263462912, 0, 5, 0, 1, 329078.0, 82269.5, 112615.78333763877
3439254958, 0, 19, 0, 1, 3106419.0, 172578.83333333334, 260846.00312897476
3224652360, 0, 2, 0, 1, 51923.0, 51923.0, 0.0
876593233819836422, 1, 5, 0, 1, 3121076.0, 624215.19999999995, 787412.35157404025
826811713790029825, 0, 5, 0, 1, 1515832.0, 378958.0, 319870.94432364439
1029224740165234690, 0, 2, 0, 1, 60019.0, 60019.0, 0.0
2892078532, 666, 0, 0, 2, 1645486.0, 2474.4150375939848, 1736.1777218588925
991083791664939008, 0, 3, 0, 1, 1968273.0, 984136.5, 699277.5
4390079053, 0, 4, 0, 1, 2045426.0, 681808.66666666663, 881183.42179795669
4162567638, 0, 4, 0, 1, 1229269.0, 409756.33333333331, 294128.71206591779
984571800125190146, 0, 3, 0, 1, 36506.0, 18253.0, 18161.0
926076176845508608, 0, 2, 0, 1, 528422.0, 528422.0, 0.0
938951453963706368, 0, 2, 0, 1, 28670.0, 28670.0, 0.0
4917132767, 0, 3, 0, 1, 2592012.0, 1296006.0, 358875.0
859953652617928705, 0, 5, 0, 1, 3370104.0, 842526.0, 1177307.2962814339
880244448332046337, 0, 2, 0, 1, 2639360.0, 2639360.0, 0.0
3224280558, 0, 2, 0, 1, 689544.0, 689544.0, 0.0
4675247606, 0, 2, 0, 1, 1353391.0, 1353391.0, 0.0
978482277494632448, 0, 11, 0, 1, 3876105.0, 387610.5, 480594.04355177982
880880154175614976, 0, 2, 0, 1, 199183.0, 199183.0, 0.0
3627474437, 0, 2, 0, 1, 1195073.0, 1195073.0, 0.0
4450006274, 0, 2, 0, 1, 2332851.0, 2332851.0, 0.0
983893827734986753, 0, 4, 0, 1, 2937263.0, 979087.66666666663, 435578.1964587096
992883005482979328, 0, 7, 0, 1, 2714247.0, 452374.5, 348340.79930615361
810944588752060417, 0, 4, 0, 1, 378352.0, 126117.33333333333, 143039.83888957495
901814030460911616, 0, 3, 0, 1, 1986508.0, 993254.0, 214312.0
1007257091151626240, 0, 2, 0, 1, 147063.0, 147063.0, 0.0
865128158781030401, 0, 8, 0, 1, 1267620.0, 181088.57142857142, 113849.52406307087
846956718391279617, 0, 10, 0, 1, 1621717.0, 180190.77777777778, 295952.70910317102
1015548192757149696, 0, 4, 0, 1, 619292.0, 206430.66666666666, 86625.069282640237
758495943855513600, 0, 2, 0, 1, 1556159.0, 1556159.0, 0.0
846052994953064449, 0, 48, 0, 1, 3464137.0, 73705.042553191495, 104477.11061320223
995719652956364801, 0, 3, 0, 1, 1374263.0, 687131.5, 164076.5
1026877334866063360, 0, 2, 0, 1, 35772.0, 35772.0, 0.0
881982960420966401, 0, 3, 0, 1, 1552133.0, 776066.5, 559796.5
980440910805831680, 0, 2, 0, 1, 837285.0, 837285.0, 0.0
3195778317, 0, 2, 0, 1, 17640.0, 17640.0, 0.0
907350126301032448, 0, 19, 0, 1, 3803284.0, 211293.55555555556, 200973.53869967343
47742382, 0, 3, 0, 1, 1890892.0, 945446.0, 210115.0
56647894, 0, 9, 0, 1, 3865542.0, 483192.75, 301237.87934485846
1011987853402927104, 0, 11, 0, 1, 1213873.0, 121387.3, 256793.63972538337
3088744033, 0, 2, 0, 1, 270828.0, 270828.0, 0.0
875818722438656000, 0, 3, 0, 1, 340082.0, 170041.0, 153268.0
952715421878276096, 0, 6, 0, 1, 2897187.0, 579437.40000000002, 495729.00171993166
844571559041757184, 0, 4, 0, 1, 742747.0, 247582.33333333334, 194117.88247064949
840402527904518149, 0, 2, 0, 1, 2360358.0, 2360358.0, 0.0
812708609138294785, 1, 2, 0, 1, 606011.0, 303005.5, 134720.5
1018977868544643072, 0, 2, 0, 1, 430430.0, 430430.0, 0.0
747128123691511808, 0, 8, 0, 1, 2460938.0, 351562.57142857142, 466837.75699819106
1012286078156525568, 0, 2, 0, 1, 1303213.0, 1303213.0, 0.0
1001457289071505408, 0, 3, 0, 1, 84207.0, 42103.5, 37460.5
903980695613313024, 0, 2, 0, 1, 30.0, 30.0, 0.0
843912091962687493, 0, 4, 0, 1, 347455.0, 115818.33333333333, 129127.89251315492
946458888186007552, 1, 2, 0, 1, 849221.0, 424610.5, 424517.5
813896630994931712, 0, 2, 0, 1, 37818.0, 37818.0, 0.0
1031411858991996928, 0, 7, 0, 1, 405766.0, 67627.666666666672, 117076.41427954461
975145569114116098, 0, 2, 0, 1, 121.0, 121.0, 0.0
884833223968251904, 0, 2, 0, 1, 849280.0, 849280.0, 0.0
14925513, 0, 2, 0, 1, 84753.0, 84753.0, 0.0
813800584319029250, 0, 5, 0, 1, 1570480.0, 392620.0, 409475.41999184759
857120460, 0, 2, 0, 1, 632143.0, 632143.0, 0.0
933049839646117888, 0, 13, 0, 1, 3727110.0, 310592.5, 418797.29401475762
763625179, 0, 5, 0, 1, 1210107.0, 302526.75, 237229.93251840607
944940836206366721, 0, 3, 0, 1, 1861897.0, 930948.5, 442048.5
998919651743686656, 0, 3, 0, 1, 200.0, 100.0, 55.0
1519468261, 0, 2, 0, 1, 175362.0, 175362.0, 0.0
892766854912946177, 0, 3, 0, 1, 789374.0, 394687.0, 221560.0
959202142245416960, 0, 2, 0, 1, 888844.0, 888844.0, 0.0
829749819279241216, 0, 2, 0, 1, 1889717.0, 1889717.0, 0.0
846798593763823617, 0, 2, 0, 1, 56253.0, 56253.0, 0.0
924007416886452224, 2, 0, 0, 1, 3450.0, 3450.0, 0.0
217273646, 0, 2, 0, 1, 1141899.0, 1141899.0, 0.0
236191514, 0, 4, 0, 1, 3139090.0, 1046363.3333333334, 1192461.3042516538
956977437094694917, 0, 2, 0, 1, 3038809.0, 3038809.0, 0.0
746312312177463296, 0, 2, 0, 1, 205267.0, 205267.0, 0.0
1003105547862925313, 0, 2, 0, 1, 24343.0, 24343.0, 0.0
956199388275265537, 1, 3, 0, 1, 873633.0, 291211.0, 208024.0101638911
1618403114, 2, 0, 0, 1, 352335.0, 352335.0, 0.0
1004562327780446208, 1, 2, 0, 1, 2697109.0, 1348554.5, 1348526.5
978407087456731137, 0, 3, 0, 1, 1039561.0, 519780.5, 518113.5
402276145, 0, 2, 0, 1, 2261124.0, 2261124.0, 0.0
746492986645749760, 0, 2, 0, 1, 2976368.0, 2976368.0, 0.0
877541623281930240, 0, 5, 0, 1, 1182086.0, 295521.5, 277356.83881373826
973671383384444934, 0, 2, 0, 1, 17.0, 17.0, 0.0
870248652119396352, 0, 10, 0, 1, 1605224.0, 178358.22222222222, 154896.24943008198
851451093003509760, 0, 2, 0, 1, 176056.0, 176056.0, 0.0
928396121109680135, 0, 4, 0, 1, 161177.0, 53725.666666666664, 63253.390509038247
930343507453267968, 0, 3, 0, 1, 2333.0, 1166.5, 86.5
806991147495198720, 3, 1, 0, 1, 97.0, 32.333333333333336, 8.7305339024725299
1019630838500286467, 3, 0, 0, 1, 336897.0, 168448.5, 168441.5
987255413081952256, 0, 2, 0, 1, 578548.0, 578548.0, 0.0
4891451237, 0, 2, 0, 1, 258811.0, 258811.0, 0.0
926928529895202816, 0, 2, 0, 1, 993659.0, 993659.0, 0.0
869958019035131906, 0, 4, 0, 1, 1712659.0, 570886.33333333337, 190485.25064570107
856201282071150592, 0, 3, 0, 1, 14752.0, 7376.0, 7252.0
1023209123918372866, 0, 2, 0, 1, 220.0, 220.0, 0.0
883943378542620673, 0, 5, 0, 1, 305592.0, 76398.0, 76567.831669050152
987056205188227072, 0, 2, 0, 1, 217350.0, 217350.0, 0.0
895756595820408833, 0, 7, 0, 1, 1085790.0, 180965.0, 178807.86209504324
944653179635093513, 0, 2, 0, 1, 152709.0, 152709.0, 0.0
990333580827025408, 0, 36, 0, 1, 3939650.0, 112561.42857142857, 129949.28863946136
823275048324759552, 0, 2, 0, 1, 3753560.0, 3753560.0, 0.0
976882641202044934, 0, 17, 0, 1, 952089.0, 59505.5625, 77194.223394604429
4871995324, 1, 1, 0, 1, 2532687.0, 2532687.0, 0.0
1017891827368841218, 0, 3, 0, 1, 1118162.0, 559081.0, 558121.0
970768411822145537, 0, 14, 0, 1, 951518.0, 73193.692307692312, 76326.847688471797
934794327028649984, 0, 2, 0, 1, 274156.0, 274156.0, 0.0
1004553378934898688, 0, 6, 0, 1, 1841623.0, 368324.59999999998, 382439.0412693767
935890829968674816, 0, 2, 0, 1, 45395.0, 45395.0, 0.0
989958841520541697, 0, 2, 0, 1, 2246289.0, 2246289.0, 0.0
759542556296355841, 0, 2, 0, 1, 201703.0, 201703.0, 0.0
999371959052984320, 0, 2, 0, 1, 282764.0, 282764.0, 0.0
896866820791074816, 0, 11, 0, 1, 174244.0, 17424.400000000001, 34773.165070784111
1007260630343213056, 0, 14, 0, 1, 692859.0, 53296.846153846156, 71921.071681548827
960133279369351168, 3, 3, 0, 1, 542711.0, 108542.2, 214698.05256815907
1004961495577325568, 0, 10, 0, 1, 879862.0, 97762.444444444438, 94598.425260690623
761647825109315584, 0, 2, 0, 1, 1622361.0, 1622361.0, 0.0
