id,screenName,dataCriacao,numeroLikes
1078581175
3185568986
3347042927
597645134
40380302
2998581
1567616593
1032004422916747264
1380323935
16431484
1675097886
1926497348
474311826
401083542
786666915322142720
1029961697052639232
21545164
909229068436066304
886561029613789184
2736117492
782414
745966064488439808
1027411208578560000
758040198672424960
1016386160409473024
1556199312
8468702
264059368
48090411
1025480359994171394
519821114
1012046843012886528
4855724602
829467375128809472
949364318608527361
1024880779426291712
1007178638154870785
53715749
14899696
1022643625124093952
158455025
687793
897003075809837056
1644775668
993848934887051264
43481493
960515514157223936
274006379
1019832883144347648
2256974400
1019249075739217925
1694849468
1019086126533918720
1018891571574558720
886057149075529728
1018766183166705664
962675785457860608
994685223081259010
747208065871577088
2178322863
2201975065
1017704281246298112
1017674382364168193
1017631118483390469
1012554573309857792
363636029
723540898198380545
1016549572322123777
2758493087
1016335253328355333
1016321144608059392
997296941867323392
2169416156
842159805728989184
977275168274964481
4846842863
1012933202573479936
1014442116313825280
909255275785449472
910548738611060736
831171293667942400
1010202875442683909
1005971874583662593
840451389386063872
105388589
758680708848218112
229307452
932181311619522561
4512442574
864516205780094976
30058327
44445164
353850153
866479706127962112
1005173589463580672
706542818223890433
1004273944352845824
2798877675
974309126598672386
724727157478592513
576282818
3358265239
907082357395513349
28628732
926002336056582144
1600632452
286009743
3260297479
918679786100203520
828651965081071616
40530294
803059660278419456
712504229466734592
999563728734605312
1194342540
999237728678985728
999092402886361088
2453454337
974066852564492290
528993545
929184468232843264
930134274052886528
726291015972200448
5935732
564338092
994497701487304704
82991118
996223065137786880
873878721144381441
301979801
1640917298
832715250071793664
784423147516858368
333199251
236169552
569506413
21821135
222677093
990318073101111296
3193587262
937663643012829184
47265209
2935511511
987637302078853120
16713830
1489149878
985321786181996544
383528697
3054091429
98586188
1343383777
520087516
899028723839664128
3313490864
442185860
2955118756
746555419288494080
969649627967434755
636611771
2776445438
712969736490000384
826653423076470785
975829552848101378
975595571770671104
925755069068468224
180730637
825395225082339329
3148763804
750315163019014144
972955151966367744
972169295479345153
10724722
15953899
743285713366552576
612225764
23793507
2722811534
732825585081307138
947908689285050368
952046486203838464
15284295
190656006
945378576253227008
17208906
465665963
805589297520930816
1686020359
774484964
1949683596
870515845725798400
868908387433684994
936491446642753536
137207103
109324209
155568918
893260959476719618
958989045740093440
954006068249661440
17203695
28285926
957700838612488192
3301389791
831081914
2985045872
746018322836127744
838012921724579840
172965901
940584420838395904
722103323407552512
2233074654
26594288
945777322183069697
2252004584
1216727640
844233697666699264
34835355
260252679
1419707029
953794830055833600
701437307522564099
470753489
3264698932
3070504902
952195282644754432
816324014524272642
70762035
852161335848816640
47420712
2910759997
1428555672
19754219
1604865397
361597016
29520562
947161139640549376
4460350213
888199568592035840
944854887107571720
3997757066
77239491
941153661433999362
2260932408
923303005457469440
3192740352
934264323748216833
44387316
935474497553084416
935780302433038336
3330055876
339359613
934202633144979457
934403703133544449
706555694858661888
926537995536265221
1965047449
838906289161928704
896484928984109057
185828852
349009864
3025885743
932038618910154757
2483933372
931548216826380288
853763456
976063483
929016163136360450
6545652
207127290
152873965
355991902
927910303840452608
915484020787630080
891313127333257216
177002856
183456716
4130395463
795892520798527488
265625531
924831077121785856
921682099693748224
62038083
380663488
826192325881655296
2492155769
14779848
300648261
854547785772703744
2962392543
39007964
906816419660152832
2873884427
745435994460028928
4889662303
560027061
13551722
789888
3393127283
912881630917922816
917676793989038080
43274604
35728722
3289960517
17165559
912350195576446978
906894859683934208
2350826425
561198944
4786990512
620421228
702322368740499456
894257504519151616
2798989691
995779002
781225944333819904
902951407581413376
907323065998049280
910010660703965184
2811901
909538149474406400
4461384808
231147977
786653556770242561
4894340451
399639576
797784295
816477434
701851015105093633
781170809926811648
908142960382038017
2717306785
24700051
892540797412933632
89087981
2964600693
19619308
1014547674
23937194
2848343667
793954965903458304
434247491
2613550478
1273333567
904197421114195969
3322395266
229718019
25264400
396651588
46052435
756569138567471104
16269899
824114003882283009
18960926
902387275773956097
216520239
428924207
449319968
1838811
3795684269
255006011
70134525
1442935033
425528976
14991112
181565907
780007825242255361
3115965646
2718311447
632691007
898794110085062656
16399130
854044125301272577
814079773
895303965818191873
772968179211448320
1372879423
65979074
834898523858567169
473082618
271239524
15497022
749518811607535616
895268725045174272
877242739867496448
452388345
3170869955
204071428
893327685715447813
753571509080174592
728860514814668800
400195577
478681500
732801541963415554
218710564
424146540
959212994
864615514840190976
4460478395
3310214383
863334508606754816
2771857151
887652824905109504
890911
16817402
3409059017
60225119
50471751
17742694
753350241961644034
354002899
1650435798
882887844200681473
14207580
2406251222
4352351500
191196660
803510696889688064
855949203536830464
16389014
818027503394557956
1673684911
842895337240969217
14802786
797163624187985920
3171752525
777576864
881918430508716033
1295546790
83743024
876989685230440448
870488853706158080
880635105869516801
1355756040
825085774228049922
2362433882
18752512
2824909296
90020215
878084671183048705
878019510321770499
294141725
808530950250491904
17085062
875707836218712064
867249188001771522
35295295
21820030
108080856
19688598
16451998
713741433581084672
2235591
950656124
775418237320179712
395675056
469682637
863364063316893696
539145917
383944128
318252210
309979083
870691921408147456
268323119
8749832
801509804955078656
251865621
1292011904
801937362116743168
3188239916
70979079
2250845845
831074966993039360
3115789725
843334253869973504
937429597
845333290416586752
866933481309257728
853445869487636480
18549180
865009059597926403
864966388196278273
4791385876
371143643
353329398
1335479347
14247866
34704888
133355155
860850650623684608
2999083424
250283406
715963560891981824
39595220
116932883
490191662
2305317618
2479413260
858651939193716736
4663186693
86823096
354649450
464601053
73439531
14650385
846704899647832064
20495873
48962840
9358102
326645788
783772
2922318405
2493260306
15501305
338580066
19768990
219102354
297167018
36208691
94168533
785580043
379373337
2961032333
852315772869324800
2241263226
16163648
3929203174
4131014712
119552323
11260822
355239363
3070667289
898838438
80923987
223345426
816487800
169154176
58719266
3416118095
213910135
369886314
1060415384
846554403406471169
404218197
16213460
2662222731
2830933388
27754979
216755705
255269018
804496656385372160
3021739320
724305358177464320
327010553
719288405587292165
839325994544660482
838999738695372800
269188626
108552921
715014540191264770
1648461224
46879491
14254444
506955978
4051436002
637439682
2729634908
249300337
3079892255
261778115
3184519304
2281011864
620881904
12406
786546956248035329
835113963377549313
726870822950936578
835365453702688771
835284881211031552
3611344579
553983682
27850869
834400424199323648
735424042228813824
1356034464
114747073
343803841
1920950598
145154637
2247267433
397494703
786576409128898560
2981304550
254111550
14934948
1972633806
14378995
1281506192
831169230284402688
830942377334300672
18588364
831101005165125632
829135370696658945
234374574
22615838
370292077
1500005402
700618993514643457
825577011141832705
1313636496
1221761922
7699942
22583180
828724680836149248
716781977106403328
2926114332
828272060585615361
200652221
342372106
36580617
822655211357564932
2939397649
3234463577
14973175
11742432
22220344
386908329
7907072
2495553584
4717447093
57001304
4882619547
287564323
825056430105440261
628485645
92184482
2786404245
141732414
2430416168
822564621622112256
2917052942
106898117
347594818
4895265192
1026351
728944758865821700
3419356269
814192289098534912
800494965910450176
819364298371846144
2293111124
1391390497
57114037
256605376
819731875208069120
817855092128882688
2194664588
31065841
81121162
814181369974620160
729538977150066688
812487511658401792
99774297
726078939777499136
3162992408
50953
616386649
70487589
367860025
2813947296
40144582
797769
108888710
40145423
765642602121039872
15336176
59366427
816330186467708928
816154325902913536
816347742532354049
816266205279326208
366382561
815396344538038272
745082673912250368
22270735
18509110
29554039
462970837
412536553
19278690
10083712
727935482034831360
727771575198617600
31640989
309729180
791466407628304389
18071487
103299196
812655137307160576
764972353856024576
2382483586
247551477
306578248
812092827534524416
759820615255818240
4513632785
20435620
1884801000
3327690342
723280008404324352
809406567879540736
621617311
2686906278
3435763846
806243851438620672
3183359144
780708329504985088
254298223
19873712
9703062
801328551568019456
760639394994872320
3291454446
1699413122
2275044830
1414817035
797681400228913153
3117870502
33331785
89915709
3789532415
855015445
563309597
31458684
4898051170
31164295
863031
750134623988965376
343809348
420727359
135581618
801185645716717568
801914543849046016
2926085797
292203590
797639847569686528
2312878590
800280119382114304
1326994201
18758409
3315612402
362727438
2186830370
7135882
2923687744
32801830
800158423606173696
799895898520043521
634653119
4854111137
2174719083
78800216
2940084135
37351005
4556700449
25947647
14330980
713433585349488640
15432073
46556446
739464852612231168
3339038855
14983233
261736351
3224822514
40286501
15136807
787696592207933441
818376661
113084518
714251409818914816
19680562
2954817169
4721001854
721505010203406337
3250096581
1549482176
2481252065
1640199900
2356255556
1241913462
792305080200486912
1739604812
29208101
740009818530816000
880291328
3290607933
14804594
788951988595781632
778513486754246656
788477594391945217
2701142784
4747149498
10449
99188590
759302144495235072
17090374
3113150547
2321485213
4446269235
20637708
3033688941
2909100820
2920411179
767373826808250368
4001130118
2856025188
2526407077
21758322
14163776
703283399834861570
15295291
3613018118
781329244618194945
3514537521
3181121092
329962434
19101127
2867808229
701131633508876288
780422018831351808
763764935075717120
1107838626
1529779788
781036991454511106
27638716
776044939297689600
780902843989590017
43586185
733214518394900480
2772306853
1857671996
1355403516
3016706173
14117703
778264468925079552
3437826466
179798942
773805419135401984
4464703456
2441577078
775026022282584069
16309141
770611150736228352
490841135
4617014896
3540428895
4912246174
773025633639145472
755022483179405312
771936483825582080
721772774419755008
770172383080710144
2617398642
552333486
1422472128
2691810816
57221242
713964363602731008
1332632407
2903118038
4912203173
761424302172360704
13160082
543071049
723742144645718016
1570289533
708763000107237376
702533010189455360
47735483
768285503808348160
758317210779672576
767573372599361540
1853343074
1138980890
94189950
763391576219549696
1361886780
766555259485327360
2478866036
212203872
1007820216
71158578
2986879969
1260747859
572160889
865841684
4857703186
3397465671
445962045
748541850437324800
753388487471161344
713935161058918400
715477182106079232
763004721112182784
45432890
1411202197
138839813
2274073254
4750263974
706393659244154880
968881417
622377092
3004743075
760916710597681152
2822077706
760586545082478592
4904547543
3368750837
709560393354579968
52706126
55312926
109787352
517235631
14709131
313982578
2962447971
15826505
322344572
2479911835
2329667184
2221110078
4587284517
751811392248905730
1091903438
6456112
746464974344716288
3015750359
18944326
16538124
90670954
47542169
1473190382
743159778252328960
777454808
745526050042445824
64341505
488865167
2426002544
3904449556
1687435866
815423552
17087547
22828952
24893128
3782135653
14255664
734638546917699584
734968054434562048
325278454
121221121
3164725866
15704207
14637087
712863472556617729
725154675062755328
744112564733378560
4919350494
54980022
188000943
306980306
3988024275
2997618623
22051127
923883529
740947861882306560
3062419053
15190498
1921623937
130090855
740559384380604417
713241328583204864
739961898540670980
19047719
2559901489
3448097057
232049166
276328726
2700011206
736449055228866561
331828820
181457036
734399828378157057
29016167
735599577219379200
712978535195942913
4894778824
3197883266
734104731845545985
733146977215598593
1743430914
522622866
731679800578985984
442395767
264218794
3023127157
193933996
1708415065
729184131184263171
1297548775
2488090633
2209265868
2272244096
16026835
3239789375
2803084318
731129276016300032
138677082
720239171756027904
113075701
197015232
11855232
726918560010792960
3528630502
201853196
32295785
35199637
721347271825235972
755213198
728434738399084544
3124459804
408196141
1439560861
725733521591930880
443072974
192689627
723482336365559809
878941951
344954236
2292620499
618704660
2934986424
3930269362
96752326
3778349843
2573360518
2499476263
4502337859
724811067315130369
724041937901228033
40770907
2390126510
724093673399570432
4411867954
721810357560283137
518298806
771598879
722576517520297985
236591803
373306465
17786104
708233017639215104
2490161917
59343380
2823426313
46676209
330686646
34622941
29938474
939983342
2231849485
717717173444157440
403977318
151594353
596717461
2372712001
715079712364568576
4855683537
272433530
59597712
44421992
16086133
1472365807
855591446
596152011
711726771125637120
4291710793
3892161801
148609120
1146959995
262508578
4511968153
17302185
299555024
87560862
706167701568356353
4121809579
15384197
1936551012
2935295111
171971465
48072654
1598009971
27987437
728729822
38398156
701444365454069761
2219913814
17105970
9465252
190777222
57957023
2504075149
284013628
1571432527
1658325488
20747578
4187526173
1391017706
2421160088
733806510
15030793
18810664
3616197924
22515890
4528001
2485925858
480211893
43159925
190016849
434219774
7764002
192324533
3304568028
4746170592
4740733396
496121852
4760274807
591920135
3334383972
4748516843
55368484
4506940396
1058359477
127692725
329829542
417376711
1714243524
15347380
4286705114
2783878274
4286012243
3288718372
553691119
89944056
3862827899
592050528
177275441
271033166
22712366
381969768
2904100078
77673153
14476255
2379258166
21446806
101587466
310101392
2205136916
3285803112
44475539
4495186456
4562313193
771939626
377007041
16447964
13124
149094486
17199745
20167787
3354791
380683106
2980379027
4502659454
202707938
3293973299
4358174835
8089982
829289653
22699834
254721667
27581656
21422878
2544809148
215433468
3301276393
4069752385
4252121660
67454165
3962893092
431423387
889004478
2884428555
317156497
4105868473
24396043
94150216
346169659
29625287
3804971482
2849761
913863469
3314329154
5695112
3188830081
1034117906
4024695743
3775220294
344294938
4042886795
4017192268
13306662
325352114
3452016214
3736932253
263858669
3774670157
5767962
233884141
20541200
231667650
647773
1319667913
2918107586
39381657
3535582814
156310609
887644986
377297391
342817299
194479949
13640822
3283677366
83943229
3830898657
559854219
341560914
3818408601
39936113
273288455
810622932
3459665115
23097147
3347352989
66148749
251637401
19430233
376688568
1853232661
182652409
359085648
553310565
3490381334
799291380
3514582033
3356592619
14478831
14568284
3141706433
1067621209
7694282
24063042
94547797
15322481
3023376103
3138905285
14084389
382846771
3242749470
3471872363
2413423286
3438278735
1195066045
156378821
2918115114
1898085950
1621873183
2966986972
874247498
27193704
3320042990
75999858
3316460670
211659450
86742060
16076391
17815902
233950901
64051012
574647893
2428083091
1608627156
1321025460
603293151
18396771
95314316
1158634008
1043064931
2388257844
609534721
185983487
1360654633
108562174
991544468
360807372
22353353
494336262
18674883
21271934
900796334
376309735
14459828
339215620
20877634
465987871
188612435
237757605
2796612457
59357311
17348394
46517560
16416774
13939062
3291402368
64903075
86742709
17931449
3309592156
462535698
38064163
353303856
232903507
2880126703
15074673
44031543
22859500
3336006196
111297047
39331708
1371416982
241440586
102546721
54159022
1378221170
14414761
443908679
128873058
16844906
366689288
1423809644
273482193
3000753730
276656157
3351135418
3362610365
15911831
3342074289
3254866309
1910473964
3262036241
2989093676
1641668262
16604478
313587740
14090513
1546088006
2822945395
1289871606
3219762648
20262516
2389142041
224995998
1297157576
417037690
15919805
808318694
34412958
2393448727
1620750169
2359028480
20399581
24411454
3301135696
2608681038
14889465
17730875
37658880
16335050
2854506992
124548700
146596141
358857941
761520
36329339
4030
71973965
30377466
2889495100
2997926876
2578208166
3173005842
2334688790
14984849
30913020
3013855080
111577170
239235075
1870866698
2868103221
3189088765
273312840
2258079864
3185722160
635872840
558987136
416427670
2541667938
359728887
46052163
13854472
46418211
491601678
1362463920
366025627
2593821062
41976422
63285695
312296139
2311776919
15054975
245859390
14252917
15315086
982851626
50680165
958231
962544187
3162239795
883366957
107228340
253706633
3085762589
3041408219
2377575224
286151554
256766293
255865093
314185999
217833191
3045737088
29870498
593942512
3129990778
12421082
30367413
402714017
2461091276
620970462
55176926
12374692
601196458
21061676
490532857
1246547851
2400434083
2864493612
71679745
2888233936
7483862
3043871928
2581647426
2438351858
2614078704
3070111805
30336965
835740638
127374021
112936900
1173760886
15259820
28528837
312850222
130230304
96336164
2255981
1915397390
917516856
1637565626
14697325
252159156
124661891
2951210752
1954981609
1492364178
3033791613
98045805
5921022
28588429
77726560
16583009
207209450
93320604
1158663536
38582056
710311788
29117662
310624895
21826561
2326829761
1959632947
2957945382
334914120
2921118204
289018045
2291490830
2937465474
347296344
367994333
226455750
168654202
1729498578
631504889
1652821
75380036
69388000
293250248
92893355
371329477
1819041
1352229068
144137528
6146692
393993650
522126905
10692122
160237355
53436563
397787288
348964168
2984393568
543818708
3938701
2976801518
2976289746
14904098
104627432
63929012
23345494
2839250633
563318027
2964400539
1319807484
2957846397
364265866
25706315
2652912600
106299366
2569873844
357911830
3768331
12853052
36917747
8525402
1064959386
2932623329
19705819
14073161
636977689
28021500
333734966
1370778396
623957905
2586573871
16838159
14931443
16388196
24595502
17077658
2924920963
116521840
19732328
30992875
2818152423
2916289507
1859981
2865812463
2919216974
15968901
1671346376
1335414997
2858478321
2914121732
494667065
1484341
110325901
276096721
248270216
68520326
508865619
596965571
18273521
2904895118
236517087
80452376
1230916650
35600876
34768035
2857699318
408032569
8815932
210684204
2874918153
805675
60260778
2838104579
182292988
2270678688
1091996022
17897532
2563764211
2432413856
2813464458
5474512
16519833
2857247163
271464226
18046928
21702386
1093901
118691718
166667459
2307110311
2717922115
2875631984
533180633
553026880
142913840
1051773138
1239971
2240806507
1242304663
286963965
1447506020
16388566
12601402
12618282
334624548
15965504
43348565
16179748
2295120523
71529334
14197125
1172808368
2829640823
107208107
331440503
207842973
408720507
263257857
10757152
17476844
17069075
25276195
299381059
776410
384173977
2586159548
340497449
188804597
239064252
94176899
2441798708
28950101
151070442
14795686
2823471753
137230375
348355976
29626273
2323291
15527249
16750845
120168986
813453
2789856720
474772486
14774111
572961953
47060492
10395512
152768869
18151633
499919981
15118916
493287667
16890617
566526741
1088077452
291555064
112927484
7393862
14851182
20751277
784654188
2540148642
127264281
137947633
2792909939
27788146
2521551258
23081573
478893776
2289977374
156320422
2787365148
103182554
91481650
86133606
17804745
430212550
805295604
55969768
15149050
94177202
57711216
26140821
16563147
34246041
1285090904
14795857
204581578
7575672
1691610199
15615649
279278354
15953894
611593
2338822974
16789581
106786690
255183545
2589728970
204982750
265545766
120812859
2549700512
487073898
33189897
14370184
35743459
405204487
287880699
6681902
312426579
771681
17816618
73457328
2180437220
8398942
14192239
14622803
2160992562
6825792
243835234
347585800
460326327
3219
24695744
225409658
33982059
194096921
285401666
10232022
2604847536
2597918096
967474350
1197251046
13739712
846589183
619176331
565030154
15382276
782934
47500234
2408140087
59839020
9361
28440908
359650922
9194742
294712269
2523706340
341234712
30961411
113136050
2527877604
4338481
38562659
33528435
799645
53575840
14556289
2180863217
227480671
21128115
106611045
40441802
417580362
2379524497
981340910
18138932
43945838
39417360
455307840
580109387
849832494
2321139932
20022158
624977351
77326810
274158454
14623181
22807612
5016491
5746882
758882
18324024
300302103
2004121
51639553
32070746
26683940
1618967353
1017308682
104142424
26542532
13701
190367711
1277620759
341115008
539614302
13741
204024151
1564047661
32124032
392883940
53281640
53058375
748615879
15482837
7061802
981138703
154582981
73256403
616367423
481632697
415095882
18003417
457968845
369224473
16502211
1342587211
298665310
1533777176
484916326
48058665
18972852
18635967
13310432
29474101
150271964
38103732
81512534
14365929
170383962
2420394456
34069462
907042555
125850686
287958012
223816243
163086538
165971112
7841792
144944669
19087076
376546877
352036858
332987584
410411107
14794747
101138882
32965376
39482318
1280722560
476022275
14148662
17770622
550225161
18943228
231593704
208163
222936144
108393450
17977180
6323342
279110491
3253711
14275077
14522928
90563960
614605715
14534412
48218536
13864672
14183884
296761517
11670602
322387657
49080244
465355966
306497372
1907284584
380563322
15607601
230541978
7633882
21514486
15742583
210440710
1959640316
1602198006
177550133
7528442
43920589
531472167
6857962
615668714
2208109128
318990577
43313117
179062789
4315751
274464570
22427026
14639474
24568531
19141620
16178993
15529346
355958960
47933409
763715
344950313
94395245
23967395
354537284
41418974
15860776
48548209
11041452
61114875
10223742
3076531
18824012
18141613
8026012
19203411
804100
14940640
19134773
52893
50862663
15617825
24825828
963559962
258921854
560142646
264434173
157280572
14475298
