id,screenName,dataCriacao,numeroLikes
288661791
909412788983889921
972747490708434945
782512335923601408
1034902245215629312
1032569669612437504
546204587
1024230822084145153
1024682477279997952
185575308
426222026
145913001
1884069434
888161899187064833
2473963992
973999135694213120
64717301
1022108072469295105
975337289806237697
1025426413493608448
887280861539958784
3274963387
973716098335100928
933403144280821769
1020421906451845120
777567864572157952
4086721155
762414329916338176
788081915354112000
1000412028828340224
115532155
20607792
1003192138555781120
995262091668873216
999738944312004609
1005360147387092992
4444781112
716744571971969025
1001907168784797696
613411307
4330598952
596066695
14156905
1716111930
215007692
999400175574499328
811633275928068096
463476476
778595241117048836
982450509125734400
767519125509902338
836016702076792832
480802333
1618231897
827926944301715456
984981537904001024
959990706956914688
37909657
751900714125983744
978762465579171840
1391657142
347485788
973762829965668352
2941251023
3324750000
39537316
948725846591856641
1542024306
906204935364030464
934510968591323136
17302185
967331079026769920
787829964653465600
925823613667827712
1916817038
965275570236993537
4772097918
716093149987385345
894050039584239617
719373
958770792187219970
955447058386817024
112875499
623543
918495839408017410
954184020710977536
803800652820414465
1566389670
20564336
939922953160019968
572942572
840302232880963584
937653476
897391873270177792
3191699660
1491924973
34210734
946829658011656192
10076702
1717154899
522678067
944539872022421504
865783250442231808
532669000
23576890
58615031
929016163136360450
1661750822
1309328185
1455209876
2566153128
933762186513666049
12610232
3087659276
909617357445844998
842797870663286784
41186901
349009864
2954086349
926104304758308864
164731384
791254794
2241725432
711039356560015360
42015335
719566627491209216
913508005911699458
925940390028382209
138117888
3170834009
843509416464994304
86868062
1645872822
760585813
804173800900268032
923776990741635072
922578741963960320
804341680753307653
854801622240591872
372923595
1270413966
180280978
293320222
182171875
912729915413458945
910498463166586880
140798322
854389653654433792
237987575
192171109
338180991
704164333874520068
732648823785459712
905331967171944451
903009585509928966
895627702987665408
900323853439614977
881558938881228800
899240734628487169
1340797879
1181324868
800770928242147328
2285990383
24529035
883727879564967936
16194980
702559772483067904
884307441311076353
864445785894785025
885383071893258240
552238911
888647557580075008
4823191055
769676265938948096
718880514594045952
2873636666
879128010087178240
2232825976
3632083577
266934533
819498842437586945
863364063316893696
872543548368986113
857394114920411136
89648087
383944128
744198984022036480
1658650597
868306404532076544
866663808441487360
855898933968678913
3279598369
735575880072867840
721882298983931904
799625332005470209
193281806
26661444
850936956208922624
856499901521420288
4114237102
3070229007
4922243330
74654129
798875740515291136
65425236
845937480599650304
700777200325275648
823146840606572544
716094236366651393
108552921
475577122
836993351320813568
2565810143
777824793995292673
836820718465789956
827942340
3076991897
720409074626486272
4908850923
237336931
758151679816507392
820039502467108864
831568210201817088
832258657
1914396895
792389760992022528
41799537
809139341654106112
826326803694247936
826995008335142912
818976499550355461
307919345
818373205844836353
819876039362871297
759820615255818240
752973811557998593
805717129110556672
824401421781102592
789823275828408320
823354206241181696
814192289098534912
220407169
819453035080515584
818959526518865920
943301708
778513486754246656
812487511658401792
20859174
70487589
701482595746521088
3984546562
23132443
766811136167641088
810943876965904384
1596175406
756663138
700621390529998848
105527810
734269762444791810
50364507
772217581256126465
47292852
806642416786604032
806510339298717698
2490302544
4854111137
788060634751442944
801666542102396930
775945599304634368
2891639540
145336962
4838952624
739464852612231168
796197874442719232
796038487149596676
760686500
2668368848
779213241197232128
196936348
3327245292
215511827
788946172928897024
764925667456626688
14483716
789031067768483840
21257340
744150240136044544
126645494
2389740424
788477594391945217
788945047706152960
1288210273
18810664
4011352527
17090374
555847451
2875568591
2380551564
18630671
224718524
2481252065
897848106
780381187063832576
772785767886295040
41345461
779916046421680128
779709918613938176
702671469298331648
764003083567312898
1668367651
4904547543
2798604602
18773339
285178353
715726945292460034
28165335
2838036502
4889336644
4912246174
2324905825
4912203173
715477182106079232
54767450
215433468
12732842
3000753730
723742144645718016
760046560168345600
764520809025118210
2935295111
4827567209
741732989453750272
762903115020374016
973549700
32596059
5438772
706393659244154880
708233017639215104
2811093859
4798504055
749727185292894208
3029828308
127770441
114987277
4851390806
110705373
750438652434452480
750171659542278144
282090828
732528531436011521
2261412386
2972434886
2909188928
744934180518248448
18658924
3325890213
707966109098614785
2329667184
742036312740499456
741647041890287616
3988239299
336763609
730540958832451584
726447312717930496
831614406
3094950416
736449055228866561
731015869443256320
48804938
733726084202553344
3782135653
3528630502
720239171756027904
4908666207
35565185
491716019
1027218912
709894788955430912
49103781
4502337859
729146216
43576368
90977344
716650069059964928
724041937901228033
1450093796
713817877435060224
701191975693844480
718203138403131392
4195135463
719932723712765954
4579282769
441181018
4852271193
3115889551
1534993518
28864919
23934627
817394
224845639
714172896097275905
14650379
59410008
2927369003
14891585
702349189414522881
1682321358
39347850
89622346
26537555
1376012516
368544878
709123611982827521
2233696878
705339791076753408
80908838
702177913416851456
3892161801
4835410694
1044747427
120606141
703731042197377024
701131633508876288
38708231
382038287
4899150237
4866313155
182650670
3282114217
4872750862
25716652
4838283260
2526125492
4850845923
3144599923
4770016496
44080572
128988202
889828411
2164221553
4760274807
4495382957
470899474
1733321473
4715637139
127692725
2783878274
4665931069
3241726027
4590892054
71647024
4607971753
4596233713
3315844740
4486567216
554540433
3246433690
3246331659
3445635795
2895977930
4012164682
4346598208
14933505
4298301561
68202316
3363294312
3297577592
3680550555
554657131
4078661475
20557772
4032402976
391024379
3436952172
200652221
1562367001
1031199938
55382406
55778636
2445143299
3807433872
2358915200
972311545
473148357
3407681871
81649638
3266697127
1658138977
1377801792
1947046244
3488884276
898722660
237360939
2246148650
25576887
3320042990
2471293044
2350520876
2351826332
14259966
1251521923
3407132321
3342074289
3399506086
3333088821
2984393568
381917215
58646020
3281451709
3279118609
187692040
625164291
2730712407
2634419528
2218511484
2784776045
3314682251
3128931452
1197326336
1884801000
2488732418
3192210750
166667459
2260150651
31060207
187627155
3159455899
3068707771
2732160853
1978216814
217833191
2881819640
3162359135
11282152
3091473853
308028640
1648474652
2931221146
3122649899
529773025
1364346739
2787739466
2786654035
490532857
413386293
43943261
2490700826
2970033151
576732313
24287876
2981143665
3048255066
15259820
3056030189
24142043
2930024187
44160296
2870050201
2969982808
3018570246
1330440571
2951210752
2992531017
3022119351
2958030759
108206330
94845522
2957175072
348964168
354142940
18273521
11112
12853052
831004160
2925216072
2928009386
15242579
124920374
494667065
2916289507
68928950
7483862
878622355
2916730915
2914121732
2291685812
2904835831
2865816940
2879541018
2850875129
2482810213
89542511
2799937572
2187279570
10470
2835394560
2787069847
10904812
2846370445
88314133
127264281
124279400
198776235
299157078
2792909939
316086916
2810739961
247127332
2818909069
2668265673
26853
2535581718
134972598
376039761
2448746491
1421547961
412485187
976696392
2615812394
27223177
2597918096
967474350
2586372313
2553357577
1290810817
2541745314
2512953978
2369789035
14458332
2531621856
2519541420
2518309009
2500768285
974517920
95590606
2160992562
2513512869
7841792
1643318203
2353205080
1532628494
2347139345
981138703
1679511488
2398564770
2181252582
488521566
305592034
785779530
598142015
339359929
473209840
1113772962
600101827
2282309788
2372071320
18449341
309779641
2258967422
2363350045
57711216
1722588236
15021512
519500272
330606988
961262540
956534624
554104762
21663770
1542082188
14889044
572160889
15950086
2313553494
602285682
27744230
460326327
2296693494
200510986
2187194562
292010330
2269768310
1103256726
34854221
2227273416
69496148
1437370506
521086027
14206085
17273968
196571083
1694201737
1437341929
522225521
2176525436
467229440
35461032
2161586858
1765191
1965557558
522576664
1447948944
1901636222
70431225
822209202
14401225
142913840
238777554
912763045
1165041008
504078408
62735268
542682079
465273501
1533777176
583735037
165177011
1311367688
1450649538
726288242
145820108
115728161
976322558
360403033
1374820394
397748347
1426385298
1416216601
15537895
34036864
1066757306
6827012
1397573040
225561858
563385021
20290224
11522942
886081
19571360
625817930
25415910
59302880
990564793
1280428046
1135493606
458994094
366574141
885414637
340359333
1166797040
1131722215
512680112
223535472
268781604
1126809024
369574350
1209307009
122028557
75591767
210808996
12024862
953396707
549581196
1167069978
940268779
36907233
943045374
1015254475
745584734
378239942
219915935
600068846
586772849
903146276
211184671
1077322836
275471034
6088682
401704444
76255963
17574554
14232963
564277115
6140
955346832
225954569
17279634
519168089
548666580
939284911
20334191
1007032982
65158088
24642320
15546192
212052621
37745923
70200361
51705167
753313
53503287
275370404
22780471
14652833
512282628
521682368
67729492
18511135
197347234
33144246
172471740
175974848
101734069
1020478477
401491172
1008869664
995561826
601446839
73976872
498434371
22869474
222563485
241589699
1002708061
49099119
65693
631255013
16838251
22000957
107073831
941438695
139566365
121686748
20545123
26598957
16948407
820569
964203326
395236533
12297942
110967451
7212542
218594648
342213704
232862329
217196376
908775228
74633062
777637933
541727137
407900504
398206854
89491159
14951395
393973323
146420172
731722369
327008294
258190498
862060142
797335801
256823757
633415822
597702042
523734013
600574639
71424670
571461961
40863850
380116246
140998863
375260939
200382933
10448322
792328754
221234383
797233692
764564275
244759583
292257525
376238144
220485246
38109868
750591824
318712147
747060775
72030765
6146682
185077475
93568140
270900326
103288859
248803000
630654561
321083954
365107074
55604675
585875497
411915429
342038484
217263587
14528795
349193302
28488647
388461996
122739148
17152580
187751140
609898162
556926877
543614379
496156230
13864672
24070941
553423740
547197338
563363114
365092891
586927456
585146828
323603436
323030541
20832784
33448429
63208840
53961381
159397910
608853
6825792
22848759
14475298
