id,screenName,dataCriacao,numeroLikes
824345685822615552
3185568986
395651048
3347042927
14447141
597645134
146320806
1514051
44501438
19653980
262170671
43725533
176123509
474311826
844059177626423296
826540470721531906
1030178202260520960
786666915322142720
17656751
965837089681166336
2736117492
3077391593
983896285
18351709
75157703
716656632877285376
1022108072469295105
975337289806237697
915037975
1542024306
53715749
1694849468
872391105177931777
19808114
800770928242147328
2424108912
892103249637126144
960515514157223936
13932122
1061586264
1019350435151441925
101223445
747208065871577088
823087090069958656
44835530
38438527
1144279069
825399945486278656
918134712
18141232
1012554573309857792
363636029
922633150337077248
166838724
303564972
168013036
1012933202573479936
909255275785449472
50006565
3303054898
996177041404948481
1013194418558398464
995360729694863362
436301042
949376637262553088
541309969
3319098834
932181311619522561
313007840
2292690828
285085434
3370731196
775293936088682496
47698395
724727157478592513
2688603918
362716769
286009743
737815928335896576
847483577465950208
918679786100203520
998987561178714113
314868980
40530294
712504229466734592
1194342540
353608436
4631936241
999092402886361088
14481549
993848934887051264
3572768723
962784349
175859204
62136512
750116203
109883616
838364018
994017058827522048
95551141
832715250071793664
882513567328591873
2491352304
990318073101111296
989269687493017600
988454424296255488
910010660703965184
799957782011252736
987346863333388288
22931416
1419947161
797163624187985920
828143641243709440
1489149878
38201343
4892893066
195483698
286413841
890957585423060992
22724643
16607897
442185860
746555419288494080
27861423
636611771
1084443685
2230486891
980201263936737281
1038621696
274006379
22180623
185346313
223246172
568684284
558722524
221836264
1354147074
975776354284331008
975829552848101378
84487856
770032874
925755069068468224
974880861198827520
824849622526939137
3258730447
349009864
1072160425
34055212
4099093762
972169295479345153
840293599963148288
956651396207693824
23793507
28158963
47732751
966453010749710336
2915966828
945378576253227008
2322617610
716337259692175361
1949683596
320768977
269489346
344718897
71656214
348328076
3257608149
3301389791
777855426570313729
2237440720
956515881105940480
3102112728
4030
34835355
952673420684259328
2789921138
369560133
1419707029
954194187712323584
954170757323501569
3264698932
952195282644754432
2412790471
163216783
70762035
806069722156507137
755384
98218334
715293032715829248
2815361304
871202897375133696
864583625249099777
2910759997
3310872675
840637531494469632
19754219
2233074654
1689178242
252745180
268317253
936555950063996928
875337773942747140
919019887862808577
942186294871973888
168066068
18168397
49113
290450154
710983906929938432
4418601793
929016163136360450
779789818150555648
17886786
2920075966
570319440
455389490
937278580236615685
937070105057550340
2535732661
24581418
2437288812
17716508
822859502756253698
513330350
543680156
447473968
18810664
241472481
769068
14778861
17666682
562874253
373306465
106205368
900920927302627328
1485764816
370107320
831730411504009218
177002856
16496618
121857799
754426895207374848
30879571
16287595
20024503
428685467
3192740352
853763456
723888617760915456
162644869
20775310
20010950
925642205284524032
924831077121785856
899569612529975297
704026024812609539
406290548
909585055961550848
3342248261
23306622
918227794089345024
13551722
917147607285235713
18832843
35728722
120120452
3384837081
371228218
914823447880110081
756406043954085889
712416314292346881
55784301
912350195576446978
865371684165079041
20564336
431994926
127301638
391046835
863364063316893696
274897222
784423147516858368
2872085699
593920918
3138263713
910101263060209665
907323065998049280
455335208
909538149474406400
895303965818191873
903324727476854784
2324697992
1014547674
905671747755577344
903314994711805952
793954965903458304
905127901669933056
12418352
869217457554169856
428924207
105605672
300287927
2272000956
117648480
2405164247
13256152
26315387
316488025
891313127333257216
894060577332633600
4069682961
4427983456
107509502
93482867
3590475923
464269968
959212994
276020404
759820615255818240
849568957258510338
143421846
1887510492
855949203536830464
842895337240969217
4817486899
116631443
347658342
413448611
882733141193932803
1295546790
2824909296
878019510321770499
346184834
876842376756637699
840745843024121856
62624494
722467086346297348
477143047
767251780014977025
801937362116743168
55312926
539145917
870735799532343297
309979083
870691921408147456
45547781
10809932
2288651784
145743238
118895574
82918102
847224176200925185
3053365210
2326403857
35226554
855930394226679808
2251573652
17684223
33738821
870056299
30425876
863334508606754816
837129525662105600
863016810656018437
178081250
18748397
230034469
837439241391079427
116932883
843052718038142977
548031777
187623558
3376092226
858405988038303745
786182665883955200
852091399344357376
1023011
856127542272471040
15501305
14519155
3696580347
371522310
860716338
2888272754
852935258400018432
3928431985
67566650
22535370
737232847929413632
847329195025850368
937429597
35745705
25326285
612566123
33453327
19158328
799625332005470209
22976564
80923987
223345426
3328250277
742821453830066176
169154176
1060415384
845167982389018625
846488595263373312
2525594227
404218197
353089969
717193203011686401
466204159
319603398
101524272
2192692945
2894903038
1340686897
34027095
161043
364355433
2953224235
716732630
250297888
815724022352613376
222677093
2975456480
15652947
46327015
15791687
1258219909
58321323
769771196103561216
1157580240
40773393
838236379423322116
842222158638125056
327010553
760101954
3008298672
262747471
838999738695372800
841332125517385732
16102164
1179955165
1684197025
14999890
215503552
28454456
3000753730
14210181
3127758258
2583008616
18219754
785580043
612570376
108552921
34359429
249820798
838600221898772486
2666678546
594332999
831003361625378816
799041741915639808
19519369
816650484035502080
43090068
747941242554572800
23314059
3794286681
18643839
3079892255
32855142
913863469
8285762
2391432960
778597629102006272
51129445
921624954
3818328192
1639091
3145529099
39486935
2384570354
468795142
22665697
837049716739346434
1458274982
361919033
34336785
750620624
808864390418026496
835113963377549313
4460115498
834022224520699904
1281708002
832451961706405888
833298667943649280
213821031
20776598
760532333569183744
926207130
830942377334300672
831101005165125632
232228313
362266336
63335403
872221490
702065841056018433
4826672961
856451065
811422739978448897
826573244354277376
374256615
826524530520813569
791036425336721409
16552198
41507094
4882619547
2769895196
62058572
70271427
3990015022
775697068274880512
3106524880
1724389296
790940368216924160
834173923
69360946
14845813
819364298371846144
4453483214
722205822156148737
814192289098534912
1130569321
532667397
815668301799919616
256605376
814181369974620160
735517595718324224
447262935
700037004
774656326379069440
2330937896
2559901489
926113843
215433468
4463416035
486064613
21101047
499237272
457563129
2503293792
726879871654195200
813517183854714880
29373361
74343090
812328332482269184
812092827534524416
72641506
4513632785
24446013
723280008404324352
4955811
571483721
3286099374
7519922
418018753
193228783
575585471
772217581256126465
789823275828408320
105607267
11592752
2490302544
3252725456
4798504055
250014593
770709246862323712
67108400
2794610626
4854111137
801185645716717568
801914543849046016
1012182217
85600498
770062917991591937
800774443656089600
2407903836
1326994201
232314325
711957115578032128
292203590
1724370332
800427989116723200
115798468
799895898520043521
430296514
1598471760
20496208
2730737743
466999355
795044579414134784
46556446
166002033
232904102
709281841
794421776490983424
793349216290701312
458593672
164324862
14574920
483057961
792487924591910912
128265131
1044895968
740009818530816000
756622025930801152
788477594391945217
3384326435
245852010
36095470
784417903290507264
4747149498
263704605
484539865
706989820770328576
99188590
17090374
4136104887
2471541944
785342906332655616
3227606808
260929890
904841936
307800081
235085297
24493
3068779098
18658924
733214518394900480
779537711522865156
874743570
126480966
14347972
2288543390
3437826466
700364678
2703366692
2832140768
331968460
16014940
14057429
173147190
250461461
46678468
767573372599361540
140051458
727222734145511424
4912203173
18571634
374956451
15252297
712742972
321149559
921121106
40908591
16708176
622377092
18450384
47735483
768285503808348160
1138980890
12064832
766555259485327360
4912246174
2478866036
15320962
212203872
723742144645718016
17282487
572160889
708233017639215104
741732989453750272
763467684826710016
1036741
1661268978
2885185889
112303085
3021475408
129103900
19286191
870408942
21257340
733789541119709184
253616306
715477182106079232
782257
4904547543
49675116
4607441
320179564
738871029150273537
15651990
13414442
79435415
21624372
155239973
103833794
22756876
10486222
1205296663
343437542
760916710597681152
738037466276474880
1608329534
760586545082478592
44452054
14794913
706393659244154880
138494790
2200530084
753004492912750592
17665295
3297390695
563318843
216907320
3091830609
2893608070
19422310
744602677036875780
15307669
1332681492
3183517821
18548136
59282615
713404238764843013
52866725
751145217873571840
898029319
16381764
1007820216
2249938062
738812087368089600
3243586374
386133956
325278454
330638909
712863472556617729
123312524
1080796243
724771176430604288
742208350235037697
735089743428497409
256120847
713241328583204864
336763609
2214133340
737799998402899968
735953273723592705
3119632849
28048293
3778349843
19047719
387048011
3116805350
299221089
734399828378157057
718931490244050944
475264515
385206610
713790715969544193
259569449
734104731845545985
258830782
158601373
1926471374
723890809632882688
3077171035
3782135653
729184131184263171
4827567209
2209265868
2803084318
731463125027917824
731129276016300032
3690
33110784
230854884
3528630502
113075701
729246306145845248
728581489605120000
3144575670
82034305
434106889
905801275
1482786620
3522788534
1284339522
63871935
3930269362
2462607374
724041937901228033
771598879
116631683
68114505
2925342411
715184503707205632
721382667485184000
705548741407682560
158022056
89102554
4700593692
56873764
1467328556
772284270
718155729023184896
211997702
717717173444157440
392740391
3432606100
151594353
716674963089014784
1475894208
2868146352
6395352
541043761
39224555
62423421
26386472
18023897
715079712364568576
77453093
278143399
2209161608
2396775253
4186881
505096146
713359251100413953
39347850
3574470076
4735306214
67569348
3892161801
4562558353
707587286419021824
229621886
3486694700
2488090633
17302185
2372891870
298802525
705055450526588928
229629169
2437370010
4857703186
1592047554
393884270
284340330
2418363281
3686085076
2219913814
701131633508876288
3814174780
17012645
1124015695
841847078
190777222
4879439063
4506940396
4832234080
3090322779
376865776
3843881830
367992722
13501522
15435069
40329175
261089315
589108190
1158454190
3337235254
2796194293
4704609916
15402221
2840038263
4760274807
15121024
277219243
484441120
918013286
15399035
4670595493
27450176
40484674
2401376527
4157510811
18422715
34859699
50967038
19192224
3312120155
419173750
2672271388
149300833
2592322174
31018733
202707938
1467815478
3537374067
4298301561
713739144
76957821
22667325
4140723142
4202166065
21422878
14247866
309878833
3375386000
53456874
3243104584
3275101656
361688135
4286705114
1474063766
4069752385
9383472
2562695415
3750632602
3699921672
105932191
4031091627
317156497
2237943984
3096749275
391024379
15669551
4061036719
16666281
3775220294
325352114
7761562
3736932253
144717033
3903865813
3862828872
429619174
2868255423
3535084872
34971528
3670230014
531890549
314346611
2935295111
467049388
354214192
19615162
3833457975
67344324
973861620
2998435876
21907019
3830898657
3698896347
3347352989
3702151461
3578483593
42601457
559738874
3243428808
14290184
17180963
452388345
3358265239
2206780325
1425300361
3356592619
185413913
2685749994
1635007476
596066695
359150678
3342074289
382846771
897870444
533729211
372789586
1885375022
3320042990
494667065
3293239484
86742060
2204132798
1592491
18192245
17670721
14767656
3032724303
2458469490
2181252582
397642442
1321025460
272581516
2981531788
22207501
185983487
2411777552
9461912
2369277169
1708995510
2784893236
3004162707
388787730
118872941
33027656
366689288
1080425388
2417048996
427536044
135806890
488294177
145177191
3262036241
3344120741
22685788
2256326648
2955078807
3222442808
11262862
1027218912
18595359
3343404160
2236677481
63112703
21586175
2860539689
73189298
2275129676
372303713
2387467880
3219762648
568318382
107986936
408149224
3154481996
814218367
2359028480
17011841
34107308
284795084
20399581
368508587
3301135696
3300589636
3198622081
788067636
2156255257
2435246306
47734040
1614107497
2578208166
3013855080
21393349
111577170
1870866698
1219888627
3166043092
353403137
319495747
267902117
35521997
2673687558
3178454929
491601678
20425476
27775464
57378470
3091297241
1673865013
3162239795
44939314
2320290252
1845211
26922790
316633630
55163758
140939775
79000880
10463722
266006174
404229854
175530302
3118863787
2317663632
2800492343
88539987
1652821
117140436
3075725921
1884801000
2415472364
1674278186
3026456709
490532857
397011674
2990511529
476721196
765487927
2968964920
38398156
2509640466
3070111805
2721305341
770899970
407402245
127147218
303901081
389813666
1377781884
448249112
2995843539
2563583993
20283446
430212550
127329319
2755295605
14719001
20243510
3021430765
3019057893
118107769
30778500
200509973
913306092
1145190163
15584450
3025529644
2998599235
226455750
1855969248
2385622460
426059169
15221232
1428110688
910091054
25864019
313624418
95561883
275368682
2984393568
543818708
28498791
26276455
2976801518
49960538
19791890
326465419
2964400539
69359729
16016298
1060891093
21521054
2833530483
2898743100
17743316
319554690
1129616798
80401607
2629106940
2691334051
17992832
2921118204
2818152423
1583709488
2919216974
20604486
312682998
52084877
239340958
2253726847
187732834
286963965
2858478321
2914121732
2579497028
30378239
229127269
520492224
80452376
2857699318
47848003
28467941
70068687
28507349
2880979973
7483862
46701031
544654102
1551469016
210684204
43776626
1412069461
625430197
2451850303
230541978
2563764211
582169904
1273800912
1491039444
186242409
49120063
240972698
568572171
16833523
567552452
35503810
19009852
608147644
410355590
2274686390
5659882
184192498
1353044071
54767450
386931831
2327510395
944738364
36516564
52623
340548762
519874578
156320422
765751375
14387001
20019276
25332908
390384122
18273992
882770839
760699254
47631788
348088996
70678415
13642472
482408233
25506689
20203191
61137050
17857666
62584942
10071112
1908431630
2790633849
714824420
2756796416
22877951
2813040212
9703062
20381299
1242304663
113262543
15883592
5969482
16179748
207842973
124550489
14659106
407837329
24063042
11807082
1300251
29192422
137230375
15527249
220940802
14344230
2291590442
748382838
21955751
7044822
566526741
1257596826
1088077452
27756540
21143360
1637971
1084762434
186502295
756297096
18782014
88314133
15339875
394394663
18131748
2436069733
569972854
46408142
2792909939
1859981
918935744
84458315
128246555
14206221
270190735
7739832
541288829
67375555
506801567
154194583
564056346
213731056
142913840
2740881116
61806882
2334141
296354368
875469924
977469872
831004160
1315460148
91668093
470620863
1325508157
299825874
2595438708
1345890738
30500021
212614570
14089370
1244821770
17170781
1561479858
783150444
28641791
14074987
1048765957
1366302175
495306369
6464332
2597918096
831727999
460326327
353087836
130305101
21569251
2425625713
189900370
612841020
8815932
2369789035
790731414
20541200
14068915
2483796578
338168757
305592034
1013616932
103995335
2420394456
8765462
973577534
1732898874
1640783678
1839523760
4224101
2321139932
2372617544
2296355168
2368541238
22848759
1306159735
139771295
1579193498
51722812
303806184
2214796771
2214293491
15257240
86628828
1602198006
41838837
392866636
736583
2311012652
21514486
226069841
214145508
365970848
372948580
497242113
1048472533
429743973
14669224
14166783
744193374
470198807
2239065803
2245045315
15913174
52758588
79260958
56477359
350954589
552259448
2208109128
18543211
23635762
13246842
544174378
1743012259
1724500830
438047431
13957592
23160725
370058754
828531
309144612
312882255
746161670
371494491
587576639
423953907
158759214
57567696
2183604813
584175108
2193061170
611619133
76810409
1238984659
2170934725
14747362
29137156
115945530
246664918
21736571
14984849
15165551
372734202
261902065
385022167
2161586858
56992558
1915192916
1953113900
1976910128
399601100
19430233
718041088
220619330
219791113
1953090536
18141613
747902251
93706431
203133
15208025
44614480
85962247
496659953
137464322
1922646931
523333279
1910860189
1901636222
466735502
81977386
298211391
53436563
381592902
29240826
92623807
14599730
11992902
796667472
609611976
298051879
995810232
28035481
16801709
57374779
58537624
446798895
43029633
124154373
878005820
1543709748
108727847
36731493
1479818958
1578577752
55540675
78267259
1675581289
15434241
3044891
1377759793
18006078
71314996
1469402010
41577193
1485557502
27684203
1656312619
8185512
70443485
14380213
326800679
5848412
20756651
576434815
7561152
1227241854
62021381
701324492
262236158
95818828
162792673
16149989
14943234
64011575
323428442
150188911
90652471
926293309
283106356
7337092
1625539298
24727608
1076992904
1624503223
23108501
27745153
38093
23005539
37522950
216042972
233248905
28080609
10083712
4120021
342141016
178694876
15456936
1611474433
1032536546
441206298
73099063
51228561
491320568
15781680
43248221
86570049
14386794
1745511
137911073
69496148
16234881
64593826
67393327
49489995
14089578
102702919
10395512
73037797
585293611
204221950
550633589
371539153
104945840
14282034
115220614
5468902
68167797
36613809
15817977
15256094
224795347
299760252
21725687
48884415
16212525
221250191
190152326
20061604
359904144
70682513
16970407
164084369
14282261
43361086
178188504
14298626
98556053
17808995
325299961
522445849
38562659
15040999
204434814
575642731
14579345
315982497
145256357
539239158
154875937
394158423
14441480
49088261
34845922
21164868
422862961
15591140
1533777176
234403619
237508849
11036912
6016032
16892786
20121092
401704513
14563655
29544159
5016491
17752377
