id,screenName,dataCriacao,numeroLikes
32337155
1038110060730298368
3185568986
781322097675137024
112687551
957388261550419968
40380302
729661973219188739
1034692818915258368
4909582101
783442840483430406
1464425058
22857765
1017272238859579393
1033574421594877954
1009638563292549121
816108818920771585
3388105245
4130395463
1926497348
115736272
826540470721531906
480545789
2736117492
377492966
1029493942474166272
1887804626
959603563667345408
1027095076764303360
29220760
1021932833395429376
922343522103058433
1026397237461569536
995076219849789441
975337289806237697
870515845725798400
4921350171
82146252
635768073
1002258319141228544
799987063416360962
1875422887
869333933187584000
2994936119
2538451
949729857348554753
873457062289620992
1269558678
1008917038306287616
3091979616
976348847126413312
960515514157223936
2324654876
2785677522
3138801694
1017958703746732032
2939884285
1144279069
930486726547705857
981542324705660929
940380096535330816
956476459
6177
966359381209067520
824741343721377792
3299073482
4864814308
841336705001095168
459635994
798403831
2925687495
1012933022805524480
2269484569
194837416
524527247
2573653375
996177041404948481
848457391926419456
715184503707205632
978036382789595136
995360729694863362
2177818898
30729588
226053373
548556210
120663537
1010178204294885377
758680708848218112
2397288546
3020154865
1000081714826416128
38369531
229307452
40254192
986716204869062658
920718197866844161
1483563781
821649972269633536
866479706127962112
2775757727
905121675968053250
16747929
706542818223890433
962409505186287617
730837074471976963
1465398266
907082357395513349
922885384266162177
223720554
809789605734006784
222079410
286009743
2877305194
624388085
918679786100203520
347464925
4631936241
40530294
21017448
48185005
4852028013
1102794944
363636029
979739213884248064
985983212647337984
618225699
918633399237083136
830613071387201537
3451625535
635070182
2324576834
2453454337
842873259548954625
929184468232843264
967505034333257728
389986884
3292963394
3267111793
996950582169497601
996601773556105216
3188239916
996223065137786880
823142256190377984
3257194809
3553893455
909255275785449472
2825258626
15379654
253917719
2350999934
832715250071793664
822303374758420480
882513567328591873
1289501022
496689701
722377970
3586946901
602243120
968758867801837568
332871357
990318073101111296
976290621257404416
3568465695
6735652
821094048236584960
975829552848101378
821448687947759616
200847038
1285019700
468178343
3488608873
18326906
953134937548435456
230319291
765355790941257728
1945044625
751811619777224708
304060733
771187880173580288
399579605
1489149878
983081758756306944
2469633673
726488478255616000
2840632352
14640845
363277385
1101083766
1343383777
3277356390
321051290
759577982411214848
216846415
3313490864
969305996832202752
3140671898
2935437615
939084405498265600
2776445438
25051585
4923068065
1214156317
7892372
132235218
558868459
3187128445
74923666
2796841431
901042442278887424
968192483267104768
907976008959250432
3013138539
2416463400
389682751
2701842085
898317706868510720
201954163
106259730
3091899947
951580910197108737
2358037758
15121024
975595571770671104
1456286455
2600298386
901438576432381952
560963640
825395225082339329
161506202
164463206
349009864
301528244
3148763804
784423147516858368
972955151966367744
972766815351959552
904822965526683648
972237636877287425
972169295479345153
2627820127
866812336014622722
14748551
10724722
1173911964
819498842437586945
3145369999
612225764
2569446336
964337884449796096
245648623
947908689285050368
100377407
154249902
476149120
731410629643407360
281833742
824936191350931456
285848359
190656006
33154335
21574266
3192740352
749999707154288640
443918563
2722990772
749069600
2660308874
930556041439277056
2718159714
450722703
800711757144522752
273148821
1949683596
985795686
1935113185
577102153
741272790
313047491
800157942699786240
29761155
222423583
958044988897669121
954006068249661440
3257608149
2158668016
4556700449
4024529153
828651965081071616
906662148612542464
14402384
3301389791
875735218967109633
363615770
761905381341851648
221418851
1177567752
953387232051843074
55289856
805589297520930816
947730830444568577
40730550
1258196527
4662565154
34835355
951955679136411648
882783271083327489
352758512
2482598280
823685076
915275773833093120
925187386618908672
754453064367603712
893282787536629760
3387200038
100252036
1097302746
1173215726
723255589
760856658536964096
797163624187985920
216415049
799675460326146048
1663484994
227166752
717791905405394944
760905424673595392
81974282
168736397
259780841
949405670247403521
887627268134195200
852161335848816640
749309009505689600
143129621
941913755960483840
504314176
3950503642
754382199189807104
19754219
750757683091771392
1027316834
946731296402927616
2343982899
810767070
346737757
4906936220
910996992645586944
870795477972770816
934847888177418241
914607665568985090
310697527
2163820438
93317118
270406415
35728722
824061738442227712
936939394304479232
910427513645666306
2438398388
7621482
838906289161928704
894423828218118144
934264323748216833
1247249570
29593759
27590021
36175896
2582818996
2901127198
2371045026
1325397211
934202633144979457
706555694858661888
933228015521107968
816477434
2334625203
185828852
767200745024262148
932259898620108801
932038618910154757
306578471
884435672819539970
930530351289700353
2958704902
32838438
307110709
833827843687673856
714585866715291649
270922395
929016163136360450
383944128
928348393210081281
152873965
831018687478038528
14551398
114313825
378165997
776645884217995264
795892520798527488
15042552
923551245159329792
437912124
921682099693748224
69892504
62038083
2282890056
380663488
745435994460028928
31048674
2695437888
34563098
922332425170096128
888029352318861312
928876430
425251585
846969341413330944
11605862
920089934429646850
716985195266748417
93361816
862731640329687040
800031696791842816
545748490
775783928720351234
906816419660152832
916056694114750464
847755372089692162
789888
265899479
917093133879578624
917622234683813888
912881630917922816
917676793989038080
2477686956
799348784
1586031
797307027726958592
70851543
707203352472387584
4258473557
912029630311354368
1965234704
2210430569
1548715244
14917585
2153882677
912350195576446978
3259223772
869256146
976063483
2445365556
23531298
158041556
305214466
365423273
2391554744
2445008414
108360320
716844456998100993
75928359
910348418
909538149474406400
73528965
877808245238366208
797784295
2405164247
409585263
838708458
3606132444
2896450990
905671747755577344
905578461200306176
793954965903458304
904957783761707008
865705449156464640
901594939959664641
866878761928728576
1884800216
904540831444500483
2613550478
2317916184
3809016435
1434396084
229718019
396651588
16983758
16269899
898819947803148288
902387275773956097
887133208390840320
901767789823885313
875763364361900032
428924207
1838811
4889662303
107614686
425528976
1513246531
888476147679350788
2549032502
898971262906773504
2370676280
854044125301272577
2838500533
895303965818191873
871491828
2586654001
15497022
36513321
236060724
1075091274
368361214
749518811607535616
3305228545
1436148337
3025813498
892556279499157505
39837425
3170869955
893175519042207748
891550360220966912
855223273075994624
891126960541356032
432818365
771769571644678144
400195577
274209457
464269968
424146540
888745023499493378
723717925031542784
2180563453
1257420404
803510696889688064
14207580
3310214383
25670271
36778094
4352351500
855949203536830464
16389014
17165559
30500021
3419140460
867869599
881918430508716033
877878280539525121
1295546790
81336004
792134424
880635105869516801
125845561
843928424347443201
463322501
49670764
22522186
9884292
16024313
2358792429
18752512
2614208492
90020215
878084671183048705
859036818926428160
875895729520234496
878019510321770499
36504947
734830917563252737
172091493
79126291
700618993514643457
821454974211227651
739888222528905217
765986860430655489
867434385641013248
234961841
2240350273
265686581
867249188001771522
837774227340165123
870365514605797376
2940998967
2235591
802692284080758785
2872711827
870582837942120448
412901559
2742037305
870735799532343297
870691921408147456
801509804955078656
115642254
3555984560
70842165
345547137
805722342
367892558
863364063316893696
71326445
3044482569
3225178842
844369469258510336
3332165489
720562857880854528
898838438
3053365210
458220945
1250485128
829880680913989633
3159237758
727043361584992258
1395498828
2360570234
858867877646127105
2914124488
133355155
294141725
743901070477262848
851397842715410432
39595220
116932883
490191662
3019991115
2177484301
222615725
25570572
2479413260
820711068448145408
858651939193716736
726245923337039877
86823096
14650385
1012182217
5644142
814294009761951744
50083445
2827345052
2698291465
103436008
226204566
15454871
474000059
816010477935456256
264832865
3246688906
219102354
431244827
733784788000243713
544745299
515198155
835004401257328640
709861808367083520
787968989796249600
3180719313
786182665883955200
34700939
763781
851292707548942337
726830034493800449
6595182
16163648
3929203174
847222531043934209
3729535997
212033829
828859334616571904
27492604
785599360557993984
113501093
178572466
3804017722
223345426
782426127784484864
35424048
3306523766
810592229660172289
18145449
169154176
3363941459
13190732
2437838022
846554573686816768
4450509553
20813389
507940911
2982160799
16620403
845074913127993344
4750145491
3764761215
17196883
1958287620
830886219273949188
813193275225972736
170870823
2662222731
839672513818931200
30065392
818530232961409024
843977581804240897
15931954
4097506758
99924402
3239972016
809437984944754688
151912201
928814677
793542084351422465
842577959949160449
27754979
240984265
152350051
327010553
1684197025
839775089730195456
745346208403578882
107179522
86585500
719288405587292165
841647302620123138
18422715
838999738695372800
80923987
108552921
384302160
833281832179335168
974011416
372590464
838519119167139841
14254444
803532994745139200
4051436002
290115717
288557160
2472390571
837523768469659650
828453655909105667
767193093271490561
249300337
437481128
1345542343
261778115
154871095
837939346657402880
837860770851471362
784996934171889664
15501305
634710590
2281011864
2324697992
790847872870723584
2894329986
2251958389
828103142411755520
1335479347
835113963377549313
932939994
3837427647
821743878327955456
835365453702688771
835284881211031552
834798467092353024
786546956248035329
834400424199323648
6243082
319282631
1252717020
2414155927
809887967804354560
397494703
766488410630545408
803079655053987840
524150747
3247622838
2914358029
715704930346995712
2427699316
81882518
831169230284402688
1729699598
830942377334300672
18588364
830418795491504128
829135370696658945
456049870
22615838
19957340
813218939979386880
22174401
3611344579
2411163547
1500005402
986504316
1313636496
3320580446
213114834
811422739978448897
1260340110
793907994
827715984576221185
828724680836149248
477143047
227324170
828770845442994177
761396027446398976
778214074702258176
32559786
828143641243709440
826653423076470785
45709811
827370272353243137
444742696
292593595
818221298732171265
16906863
2939397649
14973175
733418039945793536
3396215518
766173143614558208
628378514
4717447093
57001304
15327116
3116805350
2267779237
628485645
789863060639014912
2678509922
2550878328
17069004
824222362937815041
3240422804
784417903290507264
2740336829
298208065
823656116030767105
1167296834
2912059263
718880017787170816
822564621622112256
766103269169127424
43343484
755384
159969618
820299614318313472
386908329
3237144670
816720549955022848
243336839
789674209194770432
814192289098534912
817757617640656898
11414232
252660148
2502797006
906537991
817189654650724353
2367781813
200627526
819364298371846144
136629876
1577607554
849631741
834173923
6713172
1960908224
744362447847317504
632641478
742940089131634689
819731875208069120
9369062
198005341
783414309741293568
3000050641
256265100
815952367044689920
744602677036875780
817855092128882688
2194664588
318945769
725358325446021120
3311160237
34507577
36193593
814313947868364801
744823731348877312
426560208
19515931
1142092476
18388766
816095933322629120
816647711952957440
4047048387
4872602513
3322508803
295402559
366382561
309895718
815396344538038272
745082673912250368
457563129
979959128
4286040739
150715841
388458418
603367602
763652304
707381138101313536
814137656108052480
17175144
860301558
1308900535
468834082
7785312
412536553
295346734
603485394
2868720128
133827845
178857854
767859878274686976
264633747
799492949197340672
791466407628304389
103299196
14129922
327532863
1448294875
759732544623566848
169678756
3142223633
9627882
39331578
2698803451
736401535509237760
821587465
3258202369
720058519282704385
811192148552880128
2327172930
227046228
809406567879540736
17863423
439680705
206840640
761676355956158464
4789455014
759820615255818240
2686906278
809974764974567424
68562048
806642416786604032
158889531
3435763846
799981370961461248
478821691
809786385683148800
1560384145
17968055
805832107973033984
769011187765960704
1679188632
636315052
9703062
900150782
808420781235568640
786643414725124097
42648852
718699558243405824
3052071610
801328551568019456
760639394994872320
759955130
726122571020660736
807598737300168704
180038653
2868280160
805248218
1330910840
19692374
3091170860
1093809288
737585915564953605
6035812
797681400228913153
3347769322
801454218699751424
2525677861
740434078718144512
4917022228
404542201
2496638330
3789532415
218009356
848966755
2320495713
1279129603
31458684
4898051170
804844553173876736
3244009799
983340558
1258055899
800123478200356864
803752886257778688
785557462120136705
744975910177222656
751494192061231108
583419882
292203590
785595337796792320
309230211
135581618
543071049
803058179185610752
773612715386568704
2870928108
768365069369421826
801914543849046016
783623051330060288
3105948504
797639847569686528
800542602265174016
2383002683
75732683
114886453
371977779
179798942
762727541454966784
1058889992
568735352
295349959
58546783
958231
3733413022
362727438
800280119382114304
3346221201
701817521436028930
67999524
794741534499475457
799895898520043521
4108823836
3713690420
3317306163
26818365
3866273412
1004822808
409913876
4854111137
2174719083
716705131039891456
2039751
2182612081
1602907146
513395179
1137049453
797547494783782912
18617807
3063587758
46556446
17991774
716042006464561152
2224933401
3348360544
570299478
443032867
2180721768
14983233
19803748
426933082
1516798826
77073475
4771316952
1935634484
3224822514
3325716099
1471537148
3031238380
794421776490983424
787696592207933441
818376661
23613846
5415782
3545370196
768389064311631873
522587067
1129437109
777928659218948096
2734091
1693747422
745829556913766400
733385327167963136
87510583
791748554368937988
740009818530816000
36605779
2882029771
2792655409
2266759668
2579261575
715768994716917760
759451925838299136
2371532066
778513486754246656
771630
2828603784
2576258951
2451712820
1319637667
775410115465781248
782521067973718016
1119502988
3307836738
788477594391945217
151618158
1288210273
2701142784
763879185215582208
3421484417
733741662011293696
17090374
505617504
706291598942834688
167769512
3111681542
3648554893
131012652
752224244
716502905071779840
28632036
773002741283074048
1450159808
759406774046851072
785528837513838592
2158027508
783122853583474689
3263291357
713092865501622272
785085820898250752
761978516850118656
720706568505966596
718688332541267968
454830974
3033688941
603933834
26337531
904485788
3258378880
3696580347
601930736
3128485063
3785732114
761562709703979008
373611772
780935179049328640
2756342759
228777093
783450792539877376
137030987
3320093295
2422924681
703283399834861570
381088063
766526222998261760
222109858
766326279788527617
760316658413998080
706458390772498432
4912246174
1107838626
2332546578
781036991454511106
739209370580312065
178339694
19822066
315563384
23907913
227567250
2968138929
824634518
540221040
756714592986890240
733214518394900480
1055450418
4904547543
33258439
3279391111
750137341973377025
1344312624
191692460
71653935
301114619
778444611261870081
1481465870
3437826466
29334594
19170637
737466735880720388
776996730080460800
4464703456
2441577078
1106334392
3231976758
2177243293
3231039385
736665405033418753
271897818
723742144645718016
772616769131409408
2177042155
2894556533
3272468550
430024586
17521695
615539959
775414671004270592
27812313
771936483825582080
2697341323
3218876744
341970451
116989625
2952184507
3599249320
345641844
17648206
727189556592824321
142913840
723278135161049088
827463337
773276701052772352
12466742
2505870259
1422472128
755983120697028608
3305057561
2691810816
14047127
2192692945
767881406907232256
14767089
1532489732
57221242
713964363602731008
771200276069920768
3260567857
2903118038
747421528732512257
733723574184345600
2453452220
2955725076
2610142549
872374813
188131343
1399997726
3881668463
296803723
72039917
4109298921
21530597
603678200
4882504941
739540027307360256
65312104
1699820773
768563860022321152
10083712
47735483
768285503808348160
754920310122483712
3219510752
768132065145552896
3221708077
1575637328
405204487
607457909
306713862
2688887228
767224917209313281
756102975215591424
2478191298
18273521
33753331
54767450
259378438
1464727124
766555259485327360
2612967438
766435106282151936
4608589153
15444561
477348268
1317790459
212203872
2367716676
766005901933379584
230512239
2322937814
441972350
4755709935
700756705798262784
718299488398503937
12131932
962936048
4024033228
59866981
16001697
753457565472690176
2514451718
741732989453750272
763407288145149952
151949235
112755386
744448576961548288
763558175970918400
763515584768245761
3397465671
722131144251203584
3892161801
3238410655
762726296531140610
3567482129
1611448658
762576383956639744
2239806565
747482312296693760
696047004301053952
762462841307734017
730744209796259840
762361659897810945
4912203173
762149791610445824
470079330
4496642732
715477182106079232
708233017639215104
3303891000
14337311
729476378752475137
370243057
754796562065264641
21257340
2937465474
1361886780
59243446
760916710597681152
1626351781
3363258136
756923770233884672
3699466212
760586545082478592
709560393354579968
2935295111
4500091634
3035381942
7614052
759721661771812864
759353776910143488
105503945
758794536344809473
537242541
758597984061906945
4836035746
703388282084786176
1568192790
4410549383
743890390462300160
223627633
16817402
322344572
35935666
753004492912750592
25972738
2838036502
1009436719
14709131
322808501
701121998496202752
48682181
754722865623236608
754315027927166976
6456112
104216183
2983382379
4200698119
713935161058918400
3015750359
3180151858
111297047
1687435866
3330055876
1332681492
3341383654
4691350393
90670954
430474691
918308737
177482960
751471057232547840
728905590760718336
512459340
3016949499
1252980740
973799466
4033666048
3083601820
296093687
740407190276702208
703640381611708416
705922876470202368
1292842885
2546443097
25660098
748028348392177666
3496435032
2740323219
235498913
3002815275
3006423599
2551005458
748317126079848449
3904449556
45635682
794965532
744069377063063553
312509176
2557227229
2900516640
3040146344
17302185
22828952
1301907103
399121514
378651943
20966453
577863339
746823147089977344
825532742
219825282
325278454
1240576783
121221121
16262197
18266811
3067324723
17087547
741581674266255361
4410912580
319888399
1548316579
2450695795
777662720
744363561594413057
45873449
743159778252328960
725154675062755328
4919350494
3374319081
2821707862
607319252
401737368
1539708812
2840407191
2275550689
2345794076
3240174259
1425803370
4203657783
4213237150
2540643134
399058547
2166892748
3044932933
4050802576
2329667184
40716989
24459936
2284414794
3827188997
740947861882306560
706135427514703874
178916341
14068407
2267667339
111612873
2316584731
3405969915
713241328583204864
806431202
3328932471
3566505018
737771044136685568
13080142
739961898540670980
717208319832825862
739050057304047618
4862658378
721195680438431744
341898786
41537226
105913584
3448097057
723041135413727232
3299053961
738081636458373121
2495391241
101837328
250202789
3023127157
22918505
3433200525
2230715918
15275250
731237414484738048
717284840232644608
16696241
3115506088
728653050626220032
456393130
735599577219379200
4032386719
724821096965541888
4902431080
173535785
731162586654203906
385779408
724824611263791104
1917965372
734104731845545985
734462748629827585
4755610934
733015731713908737
734183474224058368
52180289
1906833932
3101712869
731679800578985984
936353444
2202923125
10126302
563309597
706393659244154880
2420500169
61034310
2324709691
2488090633
730411874492121089
4659907048
2272244096
3239789375
3017924409
1693199394
781802534
475571213
231912971
731129276016300032
46625492
116631683
720239171756027904
726918560010792960
3528630502
707997458622783488
4828092232
720821528808394752
350002564
598682774
2436787022
2307618067
3507728237
857165227
3332334359
2598184765
177259263
2161509018
3225909912
3153227909
58384619
2836328440
721347271825235972
1142765186
1424856956
4382101575
727252737562275840
1604456190
37967192
721349882888523776
24576032
703694175804506112
44659812
55630632
727722021317169155
4187617949
385484556
727542702187769856
3249101285
3318241001
727470663708069888
977730194
724390659361136640
327225591
721751760247918593
2465730409
4848518997
4751742253
3930269362
726419111199293440
4827567209
2533212156
400953609
722933111537983488
4502337859
49219945
2763256692
28967599
1070031997
1578360067
622541835
4908666207
1681376898
4799593773
724041937901228033
2990626489
611845179
346106865
723563955021578240
771598879
54086899
109706384
721166919206858752
3124459804
713192560571887616
722576517520297985
16684944
2451961549
722156065652154368
1252185338
197056798
36981037
68788729
51797414
991860240
721415315083501568
20166640
4323146062
2404818584
162200680
720984660734582784
4136491154
720835164855607297
720819934742188032
89102554
3556233612
28445624
720407277459546112
73750594
713780159568961537
46676209
2652395712
21826250
618704660
38509182
128943592
19404730
2266178607
717849392687005696
1071659857
1027218912
717717173444157440
3898254859
20963537
492614416
717163056917118977
705718700935127040
99188590
181625680
3312502600
590177906
715014540191264770
715077088391380992
715079712364568576
17056008
3823619595
237788534
17153994
4858891999
712680898760720384
1472365807
1130724066
17234836
713359251100413953
713170354747875333
4116771323
4446269235
211426241
3017170909
14922636
3974116139
709398103586160640
710937592833904640
710352730779467776
710225927402348546
756336
1886460740
4449948683
705548741407682560
2499599468
360753110
52223943
4770698088
708274953217560576
2995432416
2883851573
31592534
706708632205979648
322603863
2718053332
2563583993
55742793
24258071
3988496489
706271654062612480
13766772
1303665397
846581888
474567373
227781313
222291395
3278670055
252372629
384003907
728729822
703927951558119424
118586432
16026835
701133013262983168
701131633508876288
54802518
20368673
200365248
89803497
702112653481607168
3077644998
702533010189455360
3119176033
702551641271226370
14308512
701917019592069120
701822694795427841
196010331
699004549017677824
701498984032960513
2824004439
17105970
2468000594
61168989
3767919853
4831056279
244644500
713172213
37186570
4916628460
68736893
2822047804
190777222
17790596
4506940396
3002497510
30147820
4899358779
202707938
1071043988
1017482036
90435051
4636729761
77046009
551387678
4878087047
3803444847
347950865
271564571
173678150
63871928
14163776
1370742337
358375689
165176799
215433468
1654385755
512459976
4870001301
4827389113
43698693
4167201855
3033732158
236991452
3070667289
14392401
204036077
21621749
6152352
3465268702
1608843031
4320696862
2505150439
4795065386
4842202750
328913314
3008003535
351343069
4528001
78931126
1653876985
2481395245
4822310999
3021490768
394645909
2441267419
33797552
14925000
259116129
4740733396
51034426
16050335
496121852
4748309603
4776768807
2955078807
443072974
2486500993
4760274807
766529539
2607558221
14980070
2383538096
2421160088
257617022
18045036
24733461
4693792411
35784849
4698368508
2820353913
41253883
4298301561
70616986
14227556
599516271
479557613
72733859
227778679
494581422
2426301788
78800216
1147807915
1316995082
3075820468
34069462
374960764
4399427440
2692339363
1547836658
3119746599
4495186456
157691313
2672271388
1727556212
2971624255
2592322174
15208540
4478550673
1640199900
3903865813
2521537627
3403439157
3373271693
13520332
516504163
414597925
78731477
787314278
3494277557
4248366647
19042045
253252787
986090138
3190120998
273032301
237062394
4286705114
4069752385
82696221
4252121660
179802837
276328726
631367195
2837535452
4197162978
119886865
3395744534
3750632602
4081445915
3312120155
559860276
4162966761
299221089
1473016004
514686069
23558117
3367255534
21552188
2721156790
2900176319
244692671
317156497
2315918466
3782135653
2329212128
481214682
399392718
788067636
17947700
248496502
3040207902
4049519663
14918874
3074540269
2829835578
298334199
3919459692
325352114
3452016214
110125989
3223630103
4002511349
700632172
2545960180
16864353
522537066
3296796633
184707552
3915000133
1900872330
3964748789
46507807
3832999334
3831096504
635872840
212469870
37064546
3773389872
3830898657
3745135574
3736932253
3627695779
31020030
1888968602
95314316
2440599216
64382146
20980840
77546584
125977093
3530084782
495997848
1514483203
3497316205
3609194722
355492972
3356592619
3565650502
3311071154
13450812
3180401251
2966204957
526774055
410411107
3244261075
2463105878
16538124
261247620
2906957987
3338753113
3178852207
3438546393
49103781
3438278735
160806543
3227240763
3303987224
126512937
398157522
3367534306
3293239484
1250506110
1235160638
728181187
742998648
3107285327
255541461
47534846
2444107146
202472237
3123475298
3387623428
2337837900
3302100525
14110325
2833572990
3019931337
2924713987
3407504751
2891323623
86742060
3297904194
3314880752
3364334997
3419314960
12282
357590132
156378821
1697681
14199736
3414350122
20027413
267349733
3407706707
3023624728
25576887
14196397
187421379
3251047753
3219676657
26269539
1608627156
34506379
1321025460
2245407808
429943614
2718674467
463182481
3304846956
14805417
322927344
3271568888
354686516
2458242793
40489832
2282980248
398958959
80977269
3309592156
3286788594
3385118601
3386007214
2911530089
554331533
3262755595
3019082542
54159022
2471353483
3283523940
383228641
114545590
53226567
3281451709
3380971365
203023614
30490690
15164200
168291036
1969479542
2779846434
437827225
41294268
244387896
2261851434
3272279803
3018823787
3067874025
3278939024
3013093735
38257866
2688173094
5433552
16566468
3368602114
2752247356
486423701
1552878054
509230902
3362598423
3362610365
98986382
1429241521
3356990254
3353595436
758882
14126448
3265903068
3353807697
3263167766
3236930737
2436177013
614487277
1673684911
3348566332
55163444
3258178466
3343404160
313488375
2822738707
220801943
2639759792
76981675
468853739
3342818961
1524928177
3105705128
615185961
2792801039
2544327956
3342074289
314648973
3340133752
375843430
106654316
30074066
1646788646
266577139
2400427959
3296762225
3231015530
976450298
15599574
2888749180
3095784580
3185597450
3192417908
606727212
260854041
3039242530
3243870650
3236073003
483689667
3317799053
163497282
2989977999
701317502
2342030436
15445622
118018672
3312150107
3311511496
3311393663
12420002
15162642
2321619270
2964096239
2846665313
1650231
3236273678
3292151397
3232646221
9875912
20283446
1563031
432438440
20399581
1920659748
3233015574
2988396250
2806060294
3301135696
3037251649
434487031
52295644
1573265149
1042807998
848110460
45515305
2572890258
3226543356
3300343275
2492877680
405405286
154071564
221513600
3293903019
2758083204
2813846156
3296981411
3225816884
14694267
1602198006
372876280
1947375132
9749402
372346377
3223083938
2578208166
407779451
310681961
369000130
3013855080
2749914977
833931145
3145538624
612708871
903204596
209230079
2944517191
3157957777
108036977
929485596
3226427123
3189088765
3102043983
1291823738
20680738
2209981
2889495100
18349067
234234184
2196244732
2470052702
3185635711
1481108636
280837864
506793993
3230713149
3230461221
179173065
230854884
155644011
2347527325
14654247
738478928
3181299871
3225833794
3110166479
26787179
980317332
23035531
1234566692
2270678688
48932450
3209715617
16853610
3157036255
632850137
491601678
2430003924
3170236010
2984393568
3167887081
5518212
3186399257
3167728116
191478699
354002899
2295182502
2379436795
1645079108
3164391673
2287723088
1049963594
73900007
3146576630
3173609487
1621474939
458674683
3170538315
3162239795
130271782
3154454151
383848729
3155103303
16427744
820775484
3156675687
3092154357
2871142360
122402006
2377575224
111408874
3147736139
2790285737
3145309125
3138947416
2884794375
912744312
16754025
1709354833
296980572
2817233166
3134503586
3133866294
3092215017
2757942648
3128499408
107228340
1541221626
3107929530
3023376103
3097515487
2169363836
1214018492
2736444103
2869372492
470183711
3077052726
3121628559
18075062
3110781585
3118600373
3096750800
3107654826
3109238464
495453880
738722132
2161783776
3098845478
3096717272
1884096114
3010089168
1733966540
3100055030
232124620
163192672
2957761052
2616079214
1356907927
1253399292
775977619
584216839
3080544584
490532857
47467520
3087619606
289181217
450333558
94537404
2855265083
3004157282
2544207559
27801753
14446899
118599084
378286258
95711488
2369277169
3049266037
234977377
71679745
3081184193
128924457
3068103053
16166031
195658599
359704066
2422021501
3078554099
13211672
993171
3073408875
86343838
792563910
3053245825
38398156
3067359802
3070111805
40486949
3069509769
374340485
445623175
430212550
3067523493
18419919
2614078704
249161871
266119553
3029056241
2882237171
3011294905
3065220743
2717261822
2827784904
3064416761
609085226
52582818
26134974
15044547
1548756944
982851626
3010393395
624928019
2801190003
3038495690
1117255920
24850085
316892692
243307351
2844650980
11808022
544624616
2366075342
2918130224
80516159
1938337597
3025822807
2490364729
2733191627
24631934
2554362488
2970143884
3021992959
1173760886
3038250677
336611460
1954981609
92969206
329478576
187092046
2721147972
6346302
3032099403
624257824
3030921639
130264188
2923248326
2252950177
1145190163
3016237496
50361244
3013991503
39212425
591920135
22140733
1884801000
3006301494
24277128
3021748649
52893
2590211546
3010852982
38941723
2527867183
278100969
52343800
537736125
3015744382
14280512
1687461300
5577182
18810664
1729498578
26619203
321221452
736176571
635703
3005396942
3007482177
2683493246
432023519
2921118204
1090452980
54980022
75380036
29668341
737877372
9580902
3003902907
2190172255
169226098
1034313385
16278135
2999809713
2996551427
25567239
74910578
848697553
720770545
2993763217
26106267
1349147684
2723419661
90429631
20751277
2990822469
1335414997
2881988399
2800883272
2988914631
2254234208
2837846044
241692884
522126905
2979947039
1083365953
2488459838
15432073
2983553937
497610159
236728688
211555435
734398963
23643644
1178177412
53436563
2694405348
2371051681
2984786130
543818708
366245000
2334688790
2977752401
10692122
2980089914
414303615
7994062
2382375319
223729530
2976801518
2976289746
171874037
2942261043
2438164035
2729959437
2975305220
70987832
762397
21907019
2971057330
961825562
2839250633
2952804687
381838827
619253
537386838
14116711
2964400539
8075572
364304773
10232022
930137275
251665333
60823993
2698936488
971205925
2288520530
1708415065
549832797
29626273
2956750046
2838985557
65869814
2946216776
2952028780
2789821122
2945080696
8077672
364265866
2471563560
173905309
2952573089
2910437532
2569873844
2939988567
106786690
765849512
59643725
2786613786
2932623329
1556625036
2190270816
2940329082
2934939803
2367630710
12057962
2929029785
333734966
17169682
332591219
2926161357
2925841835
18383187
15746007
22952387
2844278657
83743024
1523873066
1877867448
2928009386
76098873
2917542057
1681897634
2415456440
2889366691
1894149211
609821463
2530608445
108502999
2425688756
2649658778
2915494757
115420001
167644414
243882907
2910982401
577244193
61850799
772544336
12666092
2647705795
17077658
116521840
18659826
312228901
30992875
2910524039
1610735036
2599948043
397540916
2566332052
16181735
1629878520
2906796279
598941150
2919216974
67986743
35271867
10844
2485395637
2918108148
23989578
23674851
2820714945
792476203
164672244
25079112
983010182
878636238
585258713
301036032
208655477
2914121732
2896887117
52687188
2913043500
272370349
1618403114
350599907
212778297
166275213
103460151
1382605231
20361360
2569697612
190367711
1039975956
1013759012
2883376569
216268294
2892078532
1115867112
2261146022
874477076
38684037
766473522
2884060588
18992617
2907863071
2902153748
2871420277
40681744
2825717263
26168260
327519358
491636958
1573596392
2847605393
2869377122
977965356
472237795
2903085721
1551469016
231667650
2437978525
2784125919
14331818
210684204
38562659
805675
2351619831
286963965
882357114
22807612
706078538
118691718
1277779112
15177837
1539345974
2529023630
2768050800
45212248
22540035
2563764211
2865812463
61055749
456050546
57711216
35693422
1898968964
2858478321
268007475
432749793
271464226
18046928
104977433
915121832
1530573800
1611128642
80794593
141057306
116885306
1556522810
2881034676
2226919704
545298051
234587340
433219396
490463593
2704600161
18888820
15859988
2835803097
2235274704
2362883496
2274479820
1158634008
16141146
2582626735
137911073
2426476378
2495349174
6754982
2256953721
1331362544
2803634079
18339415
1242304663
402714017
69311050
309210225
1682246419
790285850
507371917
2601351523
2784339850
861391099
14586875
930553268
2834417686
631103704
273002331
836323020
103249061
2297976285
2617043437
2799929730
12601402
334289123
257704787
2670758793
2842031173
433135114
2760242750
2478925182
2837180576
98045805
494711966
408062571
51378076
2561462742
2224073966
5969482
1918518894
59741138
774856488
16179748
16629728
14624523
31528207
36419582
288333004
1319111113
512338209
1629006836
2258556074
156817809
39437397
106537958
2568097676
2363610296
1231590763
2477774454
291159371
2725532191
1710574418
2156214565
2569472984
54763282
2849761034
476345247
212840662
2456198487
346137929
39099846
77708448
552206439
1965374618
2718338145
1025091368
164769512
57837365
2434498452
165576605
906244562
429916887
466953174
268944285
16640085
56251413
1018684728
14579454
1300443866
2533503757
220861964
1671346376
1016230254
1373390120
19958710
157166978
21235985
883612556
299381059
513250909
62216358
2538214136
14598482
2788254183
1412872788
983268948
1110261888
1209050311
2785518824
268313540
17843125
239064252
39791369
121876012
2742335886
2806658856
40743
618826756
3905121
19895564
2784841063
2182648579
452631923
5923602
157515183
137230375
41655109
18410427
590519645
289709717
15527249
2316230816
178800114
1457987473
1366608426
1369768458
562581322
6508772
178212492
423999071
148577036
6606342
120168986
14187969
554878126
175157089
152768869
49895107
1208871751
741121723
192795422
2503787767
15118916
119350349
17404012
620142261
1077132036
23331523
566526741
15312867
1088077452
126087207
38083986
2172684685
18262382
101278333
103888488
14461602
28489677
845035123
610490198
17829425
40643151
2721663590
1101150086
65059046
43463721
1282141682
2543031276
2844874526
60572488
231255118
17422923
16070100
602877787
128873058
523676581
2383875210
22794127
17670721
466803286
17884217
1389106494
2458882687
538353187
1520517163
2222348322
71133394
20600705
19839125
2274073254
16903700
2150660472
1641319554
15936756
19022335
14319885
145954519
63941251
317979377
5749372
1117519837
2436150642
802773968
90608010
2213451
635089662
956229800
82598830
804481328
1004571
219730135
8061002
3814821
2443813117
45807744
40989620
79451199
1613142775
118084429
16494063
7636802
1854632342
726957066
380555990
1936551012
1368443774
2796860945
1100033425
243373141
4858721
2200370106
101666602
100360280
272269416
761397432
1025188172
14993244
1600621874
256605376
189574428
237512780
206168976
81136296
463709422
708800316
1160471
5803082
39962370
616543795
2198475349
147611580
402980250
16818499
17348564
966797778
124470042
89127395
29296370
2446087526
478341624
113764965
18344732
322177274
22651729
795307963
158439856
5990272
2295846624
14359325
14293564
2200893690
30430520
583061387
17484855
14112055
160751954
272083854
2249631319
34842875
1569583927
2743284880
2722725572
258048302
44289328
22205530
2556027062
19148894
1345381176
301823585
2519584291
105659327
7411692
2473792433
3253711
29776987
104642390
17174955
929241
70510237
18770975
53540480
17290505
38387385
15874552
597814950
1028207653
120682128
15467259
810777
142686479
10965432
528052103
796279
2823282944
54679770
402979816
14717846
21443710
1424376806
1707749509
252728532
48686060
2648844216
5666242
1188554521
123203580
331575181
238918754
55793804
1533777176
19250375
1603046300
106329911
1883231
103577839
17066914
3288
16476434
13002342
108562174
323517781
