id,screenName,dataCriacao,numeroLikes
1038173804529238017
99437905
2188952456
782512335923601408
754962950
369886314
2666761279
4766077220
887718645924868096
983294638067826688
1022108072469295105
2991904109
270472259
1022181727991721987
844357513
1515528876
79968907
3226169386
40951758
3146171039
965309783418003456
37598456
876451
437872720
1015913402
3416091077
296724214
16107577
983255068123295744
955193918194302976
22252563
2357337534
835326663575523328
57612741
933939562602168321
851535476859297792
4856153027
66464361
858940661684252672
767472485654794241
16428756
130713211
905508534221250560
990318073101111296
31977020
1645872822
945025096921395200
2709949874
884612246466289664
4061824636
138107623
6073722
92360903
977012725380390912
1114791133
281590291
226611895
2645722801
4103027292
940105050109575169
89077417
965236294556164097
264999441
802131823912517632
955504134282731520
1416396457
23573968
529703384
753026041
956265719548739589
942633738982211584
415737476
42598681
956883723810672645
791889290259161089
3315160413
2845680855
910177609333510144
2759295459
803059660278419456
2563750784
207160250
10195002
8656502
795745926627332096
929796041439875072
931236767897915394
202782261
91691333
3060145178
86868062
2277991680
893403692522553344
766896930777538560
349978216
4799899583
3309441683
766789985651621888
907435106771533824
2990543673
918073682995634176
3393127283
1534997670
491375436
304077717
68435670
857698446198931459
2855642733
2863835865
41919208
560664336
4837849453
857026199909916672
17920330
2909100820
184471186
122729106
572387596
872547283207954432
89591799
4904592130
136015016
889200807735898118
15910167
3685041917
797163624187985920
831007843687895040
1710554167
1388061092
176088212
1963870998
101994181
16963630
18211288
1051512932
806491152585199616
862680198222716928
801538822169182208
47721629
31951039
840186133342498816
4664815519
4616029893
854406349832294401
2576100800
81768971
431646517
2865163716
17705232
7294322
3238459826
843803043502182402
49103781
841433125037191169
836590837660332032
67972821
108552921
841293115638063107
839766448784478209
91871162
797695807021547520
815948730365001728
749157866
836993351320813568
374373684
833439144869249024
87839968
805469698703888391
720027641919717378
830007823065034752
57576240
830017898089414656
3015909818
97530617
170383962
96463975
4165231754
440592717
2422385473
2822336849
3095235591
730079499732324352
766438567749058560
808608816497463300
812731382757724161
236169552
795659096766693378
3807333262
16754025
784443934323970050
15659248
328996782
341679752
35786102
796524739489628160
265627270
37828955
262554953
851697025
337873726
265148759
791772328703254528
104887063
740260979943084032
978806557
50658490
789031067768483840
713257324329054208
493913825
1977730333
23055941
1447351885
12032672
734330236075134976
781060510447960064
2430185831
472297754
3063447298
773685003322531841
2586364634
769522818102988800
143903442
101299370
23085248
765101657893986304
111284520
212346280
20922544
55634931
256251413
2565444561
15121648
455876607
21815702
2923583848
237071167
555605016
1547756647
3732349529
194704575
3477430273
21257340
155561772
4766817926
46507807
755545681285222400
22647312
215207947
3782135653
9115762
715535163028029440
76688941
18446838
7892372
522514526
4785619217
743159778252328960
730920157
485402027
2716231080
23019013
67629873
4786807015
15162642
29688914
4053513263
2965501527
437131812
723055213658050561
83664560
3130190139
3249444231
298856604
3231042212
256265100
1439560861
726391798013124609
726042775867785217
1048765957
3297953915
3711798142
3072126223
710454373
81205631
119437321
234768952
298393952
423824313
23801246
724041937901228033
243831633
34572438
358189637
269188626
3000753730
176198100
43362197
2191796713
4233671
16017639
2992484704
2481252065
19620076
719030207160696832
2231849485
94189950
3208270564
2986879969
407933355
3908460262
442305863
604420621
64087918
438939237
1376012516
3778349843
3420986589
3311908162
468487229
191001108
4264634428
396034637
2870231699
704311669527339009
2904266088
1607468340
13656942
14790054
5746882
21569251
3296383402
699742308124635136
2246138012
4899150237
1343443016
4188494543
2930312593
19058126
14066306
19454295
4745000515
17945469
3339582101
12341502
13361492
4815467961
4660537167
1945921262
793196244
14997622
976063483
322185119
4269460462
20415005
4535635041
159117222
3312120155
1467328556
3394810360
323310917
4393592981
4296952881
4238847976
4217368274
614805778
181607354
368611952
116814281
152512143
1521365718
325095552
336011641
3341737042
42141126
4011688767
3915696672
473186064
1465697222
2691659240
3821731159
92845855
134703380
490338107
254476573
118358116
18103360
71208553
3514582033
265248936
2418708847
2658308897
92025568
3260186563
3342074289
3130124219
3310107588
3014369355
122053187
18690285
2759860140
3361911065
156582690
550034619
14237654
2945960609
302515287
3073596533
47369265
992200050
304320100
2940612028
23008469
38149382
44035073
3265903068
3135660532
85784000
52343800
2903976120
72245139
3239610182
246460348
3042769468
3331531990
1623636139
3148904686
82561312
237822553
1637038309
2984393568
549602913
3137545079
864993900
2600695474
37154802
20802505
2512039111
377971554
2496138818
279728408
1525371014
19011294
597313289
32465350
28450016
1391020574
583820937
215676092
2289826123
21859714
29870498
333300831
1173694740
18273521
3032895281
2601656647
2525671880
2891353507
49544183
42329721
510853021
20430966
19448604
1452180396
255420053
3103524012
2903863386
14618524
2359986157
3576561
42731877
2289765734
12029302
38637901
2943548745
371406194
1689153397
17323476
78166578
18270184
364399981
484198547
1140217939
33511068
19240595
64896674
6035812
46038230
210746120
8150872
1404270956
16980179
26772605
106453630
20691366
354944716
540158061
1222053181
2298622908
2881034765
17183262
444562217
15136115
498028541
16221216
27993787
3069131378
22221557
2886429615
2385896604
18158625
795307963
2924282429
2992402868
2394839281
1276103850
3078832206
1246051
100999271
1270810814
284484520
3053105050
1516966926
29400765
2828466028
629672405
1721318192
490532857
18655595
716405725
16999071
15695041
85050094
58952707
348106672
1283699838
92008512
320761140
333023487
38464472
374580968
25451721
19273698
832531032
91416153
1402262011
21133764
38552156
37603360
14165794
1337703774
24629544
127965552
2194806222
14393074
472538821
332467960
15866247
38285750
455407380
3074574956
2997596449
43387270
2353778521
7375742
607582605
2452072436
285434482
385049024
16785742
3073716008
32957450
862554678
2577240180
3035213631
1260373470
101817731
183549693
3042211503
65271912
1330440571
232476130
571907573
270361639
1910416459
3022119351
2785579695
2670659496
38562659
239779409
84869775
2985676395
2961331728
194063481
625624542
450004700
2961785417
2165420818
2799476214
72506968
2160992562
939567559
2821381427
2925216072
2505460549
2914121732
770130638
2578431786
1491039444
1698830226
261089315
2903517385
2902126231
342163265
55819227
117085537
320206134
57711216
882959227
15959387
102787047
257215949
104358859
193131821
73760040
2577334964
264538642
242260987
2799937572
2645905178
486299473
166916924
2753703862
946532006
371011004
2557424988
426940364
13696062
471575093
336807895
3647641
1852824025
53009621
238278907
274232084
489120487
292431926
374860079
115080749
366440424
805173362
472978976
253006900
2792924619
363609813
2798057765
435406958
2795539691
14556298
2792909939
46681443
228773160
2800410067
2783639375
23427108
41926927
2617069945
2459500615
267340697
881582755
2749774754
1447993796
127264281
2546992519
608847353
2375528312
19598847
428533440
1870108832
40208292
286963965
231080677
2602524673
236764458
460326327
2646989749
460543491
235213645
2597918096
114291645
16282089
1284417614
15754991
48643079
115402109
38518926
19584480
194047635
183241387
17758136
2529436878
240585300
2575058173
53334714
2566924693
14875395
2424293575
198776235
23531646
389357467
981535740
16205624
263097024
57324699
17693735
2513266453
892979558
17173250
17271646
2369789035
95408226
2508760562
115508725
14951588
2385401047
2321139932
2485343688
14477420
2476870543
10441452
1436762743
1533777176
1729395240
17372290
2149020571
10607522
137083783
2182410007
44586621
