id,screenName,dataCriacao,numeroLikes
76336818
2253689060
2994936119
968913585907871745
539968813
1826919961
960515514157223936
1146376398
23845899
1694849468
1018891571574558720
113288259
1009638563292549121
747208065871577088
1600632452
750190456433025024
2939884285
1144279069
103224966
930486726547705857
230896146
825088639956836352
53278941
459635994
902475402421178368
2269484569
708822685103603712
602243120
905121675968053250
438579565
4915303665
1012733882310029312
910548738611060736
948453464333484032
1012933022805524480
848457391926419456
978036382789595136
930269690001346560
17085062
2177818898
436301042
963782516103458817
884088418476728321
35546628
153834416
529281240
735508421508796416
758680708848218112
17033948
998524541658857472
996449034385674241
839774135756685312
315943816
2951374186
363636029
3108481168
918594106187812864
3118695513
932181311619522561
291494603
81577708
764053291902853120
28404703
987899121552928768
797795122855350272
14512581
16747929
3196357804
21673321
833981219155042304
19790588
439518658
918679786100203520
4827277889
1223588606
100339386
4906936220
12488
533559139
40530294
1705361378
292681709
699811346431356928
19754219
735839811232276480
999563728734605312
480323408
832715250071793664
979739213884248064
1691856193
834400424199323648
74701270
918633399237083136
854407605585760256
999092402886361088
969955398412390400
967505034333257728
389986884
954809119654973441
997519088497946624
996223065137786880
836879953371213825
73556317
1698969644
333898573
995752349414182913
148196370
2246177602
875558383582982144
2876682777
17420951
13206822
190077345
882513567328591873
4797181
239362738
722377970
3586946901
2494309963
332871357
990318073101111296
3568465695
971694899434270721
101889016
6735652
85924519
765956831810387969
2561620056
941432262855417856
983618752460808193
26035607
706954198672416768
1012603890
986109112491565056
1489149878
3181145598
3304521991
811201528316956672
249745338
981183695326343168
23315719
973075002932256768
761905381341851648
790687043433160704
3688184369
3000135984
905307211467038720
3690046576
1337637666
1152833354
3546082394
2324019918
363277385
14640845
824004306
890957585423060992
16604148
979262118703910912
759577982411214848
928268553068855298
829024747765772289
969305996832202752
736884656
894364245923553280
235595372
945338383
975974651573698561
35728722
980201263936737281
426560208
2445365556
901042442278887424
3013138539
375309898
979124608283631617
101736727
250832434
817467850705215491
976372046417616897
3180719313
2463423108
975540979565514752
260085189
2358037758
39759720
3091899947
886546643558035456
399703735
975595571770671104
778513486754246656
975318210949066754
974750309380710400
733367317229391872
349009864
2193333000
2924474170
3148763804
719011558735482884
972955151966367744
1859628655
731579552938479616
755599617970941953
972169295479345153
4541317514
170261796
612225764
885912526696873984
779978547729428480
438359765
969668296944635904
468178343
709388150
964337884449796096
954492158731579397
947908689285050368
716337259692175361
18770975
21819332
154249902
466097599
581690992
2312842267
966453010749710336
190656006
62114377
84956047
2510905753
41653260
2535562296
4004862076
867383993796308992
742923131661242369
848976395921494020
1885375022
1949683596
222991850
343492856
3310029302
63969091
40728774
935174820324630530
401060976
2443074892
954103739857633280
958433986430296064
730076365001764865
955636855894093824
577102153
70787556
959436327077937152
958918911814021120
2272401955
222423583
954006068249661440
2178478297
3257608149
4556700449
828651965081071616
922502770845827072
905526813136445440
2393373882
3301389791
2850345406
2620082210
540140416
248585727
920856310928719872
27219103
953387232051843074
940063042816983040
3999506212
512784346
255941981
944084533242224640
825052191555739648
954567109228376064
3267111793
951955679136411648
2410779715
407230785
17743316
730940374890512384
592642588
2795363250
882783271083327489
469076644
3008793247
855773958511226880
774909529951723520
2460090166
2482598280
823685076
784775412
31067815
821649972269633536
410092821
915275773833093120
3387200038
4785270358
39912784
242995549
804756554
760856658536964096
938230540972560384
227166752
717791905405394944
741484212742541312
524327255
122774267
81974282
1715198509
1596680708
949438740916785152
906686416733827072
754382199189807104
948387076625633280
818376661
902900949592809473
3921262753
844599307537993730
947161139640549376
514159773
771804411660238849
944560668191133696
3299073482
221418851
2208830227
205797984
2884154247
870795477972770816
2751238556
602216750
2163820438
93317118
85196101
740179166625169408
784454848880271362
2614577587
2393012780
2778888853
111519868
175232452
937823241334169600
402951101
1586834635
935544674323968001
2922527141
575835801
348093724
706555694858661888
728711645548060672
36434267
2334625203
185828852
812614066615091200
901222521655017473
188154178
932038618910154757
154150426
884435672819539970
2206237104
714585866715291649
270922395
2183909391
13551722
32838438
776645884217995264
2999000167
106949417
175835234
378165997
898490564928196608
437912124
921682099693748224
813612081605971968
924429851335057410
380663488
14392350
2695437888
20711048
34563098
928876430
1374258762
66635715
854547785772703744
3239789375
847208493107073025
914164471232323584
2486786178
3431718493
3006423599
864910210237964289
916056694114750464
703679867
918227794089345024
14551398
3063730215
917676793989038080
991539913
246863761
2535743833
2263573314
739568845820727296
218601115
69943846
843137452005113857
707203352472387584
1965234704
64610969
1413190004
705494635
3231581164
912350195576446978
4138387103
233852945
884790218758406144
885352591
151539569
1345542343
747807467271225344
34700939
73528965
431310983
910010660703965184
198354511
909538149474406400
909558836050186242
869981510941724686
917983478
4894340451
174721795
797784295
3188521675
1615903622
30487665
606352751
2896450990
905671747755577344
527274065
793954965903458304
904957783761707008
3195489272
865705449156464640
866878761928728576
904540831444500483
2613550478
2317916184
1434396084
19278843
16983758
58496737
898819947803148288
94189950
18252740
40707294
429152387
875763364361900032
428924207
3992965873
302994908
65708050
40730550
3207560591
42493462
425528976
888476147679350788
2549032502
854044125301272577
1513246531
765757859992834049
706446267
2838500533
11653972
4573839672
65979074
871491828
869007277931376641
895303965818191873
14164037
4850213105
897433282496876548
5373492
47223494
16886574
424146540
25017261
2586654001
18786298
351726644
892094994328289280
749518811607535616
831018687478038528
1436148337
3344676292
764964540249366528
877242739867496448
745383186
15987942
12806902
893327685715447813
2353897585
893175519042207748
225582656
149869496
1945044625
534726280
2987322459
4903130919
491879693
1058889992
592509145
20601855
983745126
3031142105
840980179
30010027
48105771
525723078
398839523
3015376616
919964059
464269968
959212994
46278874
284898293
888833561310179329
888748206288515075
888745023499493378
546379260
803545179424747520
121598739
20897114
863334508606754816
854485468615979008
210738186
22102257
589048815
976063483
833150268799905793
603370940
3310214383
25670271
2180563453
2158920796
2984343171
14207580
723717925031542784
19520017
1917957684
36778094
4352351500
885020292518641664
855949203536830464
2506638858
16389014
1673684911
37875664
608846185
882835592240742400
832445967320358912
122163101
310827524
975076789
30500021
47856233
881918430508716033
877878280539525121
1295546790
266971873
15258737
4830964900
2533031
880635105869516801
157443791
810982947348021249
3413198854
4429011
3274856257
1611524263
861184468165545985
776511740200775680
18752512
2824909296
742616176241451008
90020215
878084671183048705
426838707
878019510321770499
785176930068770816
1571587632
172091493
1365814992
2750370134
2451806322
796390278982549504
50647089
30566447
3027325009
876918839929425920
2889476295
870735799532343297
38219705
874256274501902336
806731379274760193
544865703
2940998967
869855880124264449
84058784
2235591
867869599
59824879
1312083584
52820879
870582837942120448
1898297924
762811744926392320
958231
604632304
3348138340
701452754
870691921408147456
248758283
18056698
70842165
345547137
4746125084
2214280613
58043303
2343966982
3225178842
867147160084783105
844369469258510336
821775949834362882
930553268
3127095639
3241196950
863364063316893696
3053365210
865947797002100740
720806902888669184
1250485128
4883426686
301154973
829880680913989633
3159237758
4791385876
3355392374
799348784
16557729
40142104
286120483
3600951437
801509804955078656
727043361584992258
1395498828
722569462277255168
354649450
371343044
70163305
17991774
2914124488
14642210
133355155
59107283
279791556
847281486155849733
21412212
851397842715410432
80146380
4598921534
3402464326
216415049
39595220
116932883
490191662
247231625
262441833
66038342
2177484301
2479413260
250283406
820711068448145408
4853460742
770705109890297856
858651939193716736
732564119962980352
307643449
726245923337039877
14650385
5644142
2230314426
3007552940
106832492
2827345052
1975864944
831859007954509828
18428591
2973462047
338580066
767842222372823040
816010477935456256
30495233
78828748
18713317
1270992817
942379262
264832865
127848839
777166211629088769
44763433
219102354
3535101915
2658348355
507940911
241702033
107614686
3929203174
1584871382
835004401257328640
787968989796249600
768610736767545345
121533045
785580043
3892596827
1192038019
851292707548942337
242093023
16163648
847222531043934209
837045800014393351
1387001522
848716023855558656
391983763
270090351
294479229
823784540397178880
328554472
1649205150
817366086236643328
782426127784484864
72332691
3306523766
4730553080
1340112738
55443077
16695958
389062200
4427675835
3238459826
499906060
11403432
14127070
277455263
794546561820884992
4750145491
823482584982286336
4097506758
216276087
1484147156
898838438
2924953060
27754979
159958763
59124067
1257422586
4868283838
839775089730195456
719288405587292165
4260100305
838999738695372800
40503220
108552921
372590464
1430306436
803532994745139200
4051436002
2165481624
4539335075
15501305
242111991
834500622988742657
2324697992
2235734407
3837427647
809610390359474176
477929113
786546956248035329
3392718047
1692079544
735424042228813824
6243082
2986106555
15268706
77823078
2414155927
14825810
156079692
407934784
828103142411755520
4206046828
298569089
2403404672
2914358029
2839096494
2427699316
432837543
753273033649827842
831169230284402688
375879457
524150747
597183777
1729699598
830942377334300672
2167087808
831101005165125632
4646844197
830418795491504128
829135370696658945
813218939979386880
62367371
125885694
2411163547
145971936
16163053
700618993514643457
1313636496
539551679
825771943378956288
1545902232
15670114
1170328742
1552395186
130566051
828126248182296576
213114834
829073316761604097
149860469
821821930789634048
4406567602
3360862361
738081636458373121
14865339
243847811
227324170
761396027446398976
4019433913
1322926686
2721338556
828272060585615361
3237144670
150373833
776117924893429760
826653423076470785
827370272353243137
444742696
590461996
342372106
20680738
227307204
2458586953
2471409798
25714494
3145564794
733418039945793536
579452903
4717447093
57001304
825833827964694528
754799306096320512
817663121527488516
3280083632
820418034
628485645
14298829
17069004
781621572373245953
824222362937815041
12039262
865476978
816720549955022848
141732414
1963633554
110915663
2799769366
13599732
898060998
2582512633
822564621622112256
7746642
796362802122358784
29161274
106898117
702975792582672384
1257596444
626769069
3196852352
477431466
159969618
35788794
386908329
101480325
814192289098534912
819364298371846144
2502797006
2422339669
817189654650724353
1646788646
54324473
2976128971
805305917201747968
732887772386713600
249954225
820299614318313472
819632629184073733
197849257
819731875208069120
1252717020
783414309741293568
256265100
815952367044689920
744602677036875780
817855092128882688
718880017787170816
2194664588
814313947868364801
346113476
369227197
737608968445386754
36659026
92212795
402030494
816647968816267264
816647711952957440
816648134063456257
559516225
366382561
739264080163307520
815396344538038272
763652304
745082673912250368
457563129
755384
808246800737914880
264633747
1549512044
837617694
814137656108052480
860301558
2716955397
204089830
388176959
725285819691491328
14297170
412536553
3330282562
178857854
718121113717501952
881155908
2686906278
1717581229
3447994878
759820615255818240
4513632785
20435620
810187142735523840
720058519282704385
1419456001
2460587595
206840640
771783511917420545
809974764974567424
1922982428
41630507
17968055
805832107973033984
56131185
719696669416140802
2748369487
786643414725124097
718699558243405824
1628249197
3052071610
2677160879
801328551568019456
760639394994872320
22505923
3291454446
726122571020660736
807962850895560704
807962516324253696
807598737300168704
793444650468020224
715276023755964416
1330910840
720562857880854528
87532454
104898577
2870259896
6035812
402908120
52785270
88927414
157725852
858585662
2909456051
293963851
7203102
742611144544681985
268845820
4836617403
19362267
18868464
266443393
14251489
13342392
797681400228913153
32808667
11414232
1537513988
609217465
804844553173876736
478821691
104960719
2525677861
218009356
806255244049051648
740434078718144512
12055132
404542201
2496638330
1418711072
20848287
848966755
3073921342
31458684
785557462120136705
4144695903
4917022228
4615210535
175392079
802355917547327489
224140817
785595337796792320
4789636814
2855449623
309230211
73757243
135581618
4279859473
4843685788
803058179185610752
776234975179833344
706450902
2842214289
768365069369421826
2484652328
2474867082
783623051330060288
498243268
335596758
2383002683
2481252065
179798942
742940089131634689
75732683
371977779
2726134355
77103056
800092717627781120
362727438
159078477
260435589
18590413
327179993
800280119382114304
67999524
34354747
799895898520043521
232852534
3222817646
26818365
559012889
3866273412
583595377
845635062
2265249930
4854111137
4037804554
2174719083
209767755
2181513277
2039751
224504731
780788624572882944
20645175
643083
409913876
3389182743
513395179
797547494783782912
3348360544
3063587758
2993842939
9043
46556446
716042006464561152
4706234354
443032867
2569446336
2482164239
140140984
426933082
3115721712
1339245696
1935634484
2280370518
1000678674
62483664
794421776490983424
787696592207933441
1660174729
1288210273
739224802938871808
768389064311631873
4093604115
522587067
1226422207
1549482176
411746925
755072574
360057397
792305080200486912
1279129603
28948027
745829556913766400
87510583
791748554368937988
7691812
740009818530816000
36605779
77086024
373611772
715768994716917760
3131440990
790569932052373505
3325716099
771630
869313306
1319637667
26449279
34505461
1119502988
788477594391945217
72596525
151618158
14101960
2701142784
3636050473
127316933
606593935
22201066
102267407
483817332
342775091
25735967
17523550
17090374
773612715386568704
505617504
4108823836
167769512
497567601
618373
786886595156860929
25266914
352570628
1450159808
3041956282
4387526715
24796176
565111696
780785156051263488
1733003658
818425328
197746685
419946135
4213237150
163449863
317258444
3419356269
2158027508
3383898286
713092865501622272
114208227
4790423068
2803300386
3385510999
768808002023546881
720706568505966596
301479561
95941992
779955650818220032
127463226
24052841
2898156421
3696580347
601930736
3128485063
780935179049328640
333263950
783122853583474689
820460
228777093
783450792539877376
137030987
248743925
2526407077
2422924681
703283399834861570
193452293
921462571
2752899878
20451411
538530342
229563867
205977903
52194140
9924762
2882547270
904485788
624216787
15807938
780422018831351808
763764935075717120
1107838626
266298882
56863445
14081186
781036991454511106
739209370580312065
729556051
315563384
744407501869723648
227567250
776790428800651266
34387515
2865989486
540221040
3435395337
43791947
756714592986890240
1347782287
730153202352570369
1920714818
1055450418
23572426
2374294790
727906238734864384
191692460
769624868539117568
301114619
19621873
708283950796394496
2894946180
190095651
4464703456
723278135161049088
3231039385
4904547543
299026962
16309141
2177042155
753933911353397249
216739767
56843287
2316154829
722534376
847407566
4912203173
2546443097
2962748643
715477182106079232
2444442241
733385327167963136
326805790
727461554048770048
723742144645718016
364436285
755983120697028608
3305057561
2691810816
1106334392
772172924992286720
2192692945
3294225853
767881406907232256
770760261871493122
4895175269
2216089855
9130182
87201762
711964387423092737
59796640
713964363602731008
979819339
766985528575074304
3173791891
737768829372092416
188131343
2291361008
1399997726
3881668463
296803723
125458982
16708176
603678200
10646852
23639153
7449332
4882504941
754920310122483712
95237551
4888573348
259378438
763461065740922884
117382161
4500091634
629850000
38374068
2751968679
2528501430
306713862
33753331
458866674
766942813900505088
119799583
766555259485327360
32756309
4912246174
766435106282151936
4608589153
2984726311
95314316
15444561
477348268
1317790459
212203872
4866978934
766005901933379584
230512239
2322937814
1130724066
872374813
1636154210
59866981
979843543
753457565472690176
763407288145149952
738116333339041796
392916856
748541850437324800
3238410655
3892161801
1611448658
2239806565
747482312296693760
762149791610445824
405204487
754796562065264641
2937465474
265919527
1254186084
1089244188
197622407
733392272
747412579916603392
706393659244154880
255967760
244722105
266708974
118963
4847794399
5468352
20287770
759466211046555648
757019609899814912
2253143359
13450812
537242541
197555337
609702085
873191485
3277356390
32169205
1568192790
743890390462300160
694932682279616512
223627633
3699466212
352172099
27223177
746855493218361344
322344572
2874642687
753004492912750592
2838036502
719262403662221312
712149866785296384
14709131
2411924821
709861808367083520
39320829
812180472
2432797976
3330055876
101620181
6456112
104216183
1009436719
3180151858
265864885
2912059263
896480534
2883861194
1332681492
198299102
1241901223
90670954
1161595854
114231781
53165116
177482960
728905590760718336
47542169
512459340
20532350
3016949499
1252980740
751073008714911744
2440769460
45194831
3041289769
2714619997
4033666048
452612105
539523901
1356911348
2353406122
705922876470202368
973799466
748028348392177666
750071132
5518212
507832721
3002815275
4581750262
1939148586
710065785792663553
717208319832825862
23982470
2450695795
3356194072
22828952
570550038
16262197
20966453
825532742
612033871
3146638490
2990577293
219825282
487169480
136629876
2367072314
325278454
2329667184
148391362
121221121
2871476207
18266811
17068420
744678803515990016
27741966
741581674266255361
253019872
743159778252328960
744785640118595585
45873449
725154675062755328
718954838
4919350494
475327046
742758134465343488
607319252
188000943
42275437
394194385
819574790
2396231196
127509787
16632554
508330126
742484456833835008
102171036
2275550689
232570555
66056412
4910152765
3309777188
4203657783
2727670243
17285158
741376420954447872
719969364405956608
399058547
880195572
2780587216
249050408
425251585
2307037687
740947861882306560
249006651
467032253
707997458622783488
2441577078
1027727052
111612873
4050802576
13727622
20382360
3566505018
1681887259
14549208
737771044136685568
31163360
3164968109
24019034
2887013331
739961898540670980
13080142
17279852
3260567857
68307836
3318241001
267322812
737679375210946561
2492664845
713935161058918400
2559901489
27824561
4862658378
696586865684652033
3448097057
1051117446
59514582
3299053961
733146977215598593
480023542
395588759
285912288
730744209796259840
730554604979544065
589715303
139240705
735669996479610880
156378711
942747115
3576534616
19878738
313441064
712018411065184256
4077631757
731237414484738048
635485675
345966157
2320925420
49160826
734399828378157057
56225030
576700946
3433200525
2439293816
735599577219379200
3167899752
2342395379
70425834
385779408
111457913
319888399
734104731845545985
734462748629827585
63035854
3049245140
54097789
179412026
2773290647
3101712869
731679800578985984
2470984044
3111697976
2849276395
563309597
35233211
3341283733
1708415065
2420500169
17087547
254677577
9369062
4760809227
326318768
604734537
2469899101
4659907048
24460012
2272244096
256102055
3049266037
706163047925161984
2191184121
3017924409
731463125027917824
1516568346
635061925
723675612787953666
17072666
849631741
475571213
231912971
46625492
4419576381
4738214741
722424505201598464
2785578447
720239171756027904
113075701
1251957193
726918560010792960
2743635702
217753225
2436787022
720821528808394752
350002564
714540830841655296
713394105045397504
128002644
2354621
1279202088
2479361280
2231555587
84237327
427062600
3012727568
721347271825235972
386129702
506512798
3030370794
2909817518
2353067001
728289555162357760
88947195
2297397684
1087587110
863503350
540353668
569639802
762062670
44659812
822369696
727542702187769856
3438373283
3249101285
46288222
977730194
2983262922
1869537264
3597332594
711958655445377026
724390659361136640
314135703
55163444
2465730409
4848518997
121372267
726771475118718976
174692109
108703606
2225476032
3930269362
611453158
80924391
2379329220
237993144
714802999365922817
4827567209
3778349843
2499476263
4502337859
716895858801909760
724824611263791104
714175350742224900
16572161
1939515589
4218291862
171746803
4871981523
1070031997
3372923308
15658372
4908666207
137849167
4799593773
910192735
3648560295
202013522
360946268
3131501099
724041937901228033
2990626489
218251359
25660098
723844278930169857
346106865
2573032770
722131144251203584
77274434
771598879
54086899
4795700060
109706384
77453093
3124459804
3654646937
2775732226
722156065652154368
18997528
2925342411
721751760247918593
39356561
2342515808
2814772124
721453844903821312
721415315083501568
709149181412134912
14298626
4323146062
162200680
89102554
2490161917
3556233612
3161816387
150843383
717284840232644608
73750594
390339448
2883678581
51577964
2652395712
833453425
209164635
634010586
618704660
3062814990
1303665397
718934855870976001
92906709
19404730
977965356
716136904081547264
16473691
22658676
1027218912
717717173444157440
702334906483871744
20963537
2544879578
3173755872
82455651
151594353
1622166150
99188590
543273807
774095774
240365655
370174582
590177906
250706263
3952426875
11392632
20892367
715077088391380992
715079712364568576
708233017639215104
42329416
2426301788
478326916
320846610
25380738
1472365807
30739900
2414274218
22806539
712680898760720384
3017170909
398627069
36329339
347368302
2557227229
707986889861509121
712066188193480705
591618580
3654194352
766343545
198637216
756336
4857845391
710225927402348546
710352730779467776
709918784199335936
4663418293
32054438
366804699
2351846754
2882448695
4562558353
4754688552
1241948132
51797414
705548741407682560
709041207935160320
3930329057
7614052
3377908408
1360146859
4770698088
706206811792285696
339336414
43074813
2960748418
136
20612033
31592534
707323573040517121
3833457975
17302185
20368673
1886460740
706577643378855937
24258071
213033672
2289970764
3664147999
577187839
111964829
2798764395
1180226821
3023127157
139772906
18744106
28215870
702976313624174592
600204308
227781313
14228497
72233184
37066727
2728523508
1592047554
15246950
118586432
2322545569
702840725495488512
2919040161
702533010189455360
33024169
132503617
888527815
14308512
333653828
386451978
15029403
2901168544
701822694795427841
196010331
699004549017677824
3208208985
219216248
1579376126
162048049
19785718
52673246
2219913814
839274139
701131633508876288
222291395
14337311
261496166
49323894
68141977
2967702798
2891986763
50448214
2212204286
841847078
31420036
2822047804
190777222
394645909
108206098
17790596
4738854701
4827945206
1252185338
66351565
2864493612
4506940396
3154151887
77046009
2678509922
2664684091
2907822194
4882923213
4878087047
347950865
1188723638
2601121370
28967599
18236788
3090322779
214869024
3371640813
575794347
13142082
1654385755
331647909
4563202073
4859394454
84012461
1151501066
2851877433
3154337510
1434269089
3590809954
1574008980
855738799
376002790
1421112428
562432078
781686680
118691718
631651269
20673311
131022121
341713073
1697519570
1071043988
2810445017
1676479951
41684230
1301333042
3244009799
3319933355
155327330
197115013
1010069648
1370742337
2654007328
21621749
18602365
3465268702
795669890
3070667289
124336558
4842202750
3008003535
4839854441
3239687819
351343069
23613846
4528001
78931126
150009329
4831056279
981816643
2590992241
1360859870
2451908142
4777132993
2481395245
15402221
167713101
643143
229205002
4808723548
231176145
4746170592
4740733396
51034426
16050335
4702121730
1653032785
4776768807
496121852
443072974
2486500993
326806100
14990179
4760274807
2880890150
3334383972
2903923708
2607558221
2292266564
463263321
18045036
143817179
4167201855
63028245
1714243524
14980070
333147246
2820353913
3398765533
526774055
3031947247
2850989365
4642139194
1250506110
3288718372
2356744843
14227556
1100717882
2464688539
29049532
14202099
3306171657
4419458007
72733859
21466560
2327090262
218777319
70616986
4560337637
3193667496
202707938
233683080
35077198
506875831
34069462
374960764
4487388435
304125283
208102415
1123549776
15173820
419173750
4502552656
4495186456
518695008
1278475824
4489689617
346751806
126112671
174155829
1520051486
107632271
184513687
3567482129
150863291
14352599
427138193
542900481
240087064
4450625722
2592322174
334911054
3345058977
378239344
14218935
15381475
135624593
4502659454
8977242
379399925
3003820383
58618861
222109858
17166913
3403439157
16864353
4376248882
2926319381
89202336
9583462
874624369
2837535452
2893457842
40863882
4282113568
3599249320
286331886
4334095933
511883638
78731477
69283237
4096969343
4298301561
4297924756
244692671
140529354
740883
78800216
584342926
4202166065
2997747297
131646565
2158773165
288906979
133465813
3494277557
25561406
2802453850
16781571
273032301
26624032
242414559
231571926
4286705114
4069752385
106837139
3317315109
4252121660
474369145
4239326534
276328726
3648554893
3395744534
3750632602
4162966761
84261344
299221089
739485697
1473016004
167700205
632782709
3387260020
514686069
64657612
4147578255
3992933305
2808329964
3877187224
944957724
3427136679
554266863
34248106
317156497
2836557028
3782135653
60210604
23600487
22942684
3639464360
399392718
199207007
4024695743
467751073
2517134536
1640199900
1691052606
2997955652
1058788472
497783354
1049143554
3408133821
2269597478
2228931548
3980977942
325352114
3452016214
331828820
98006406
3310759739
51818005
2946224279
381607627
759079
4002511349
3223630103
103436008
184707552
169530562
51086216
1900872330
520459128
2183180588
522537066
25245260
1445844278
3892818922
2880110402
3345764291
1602907146
2173822500
69655364
2650465555
3657019822
68579234
30585823
99495219
576895306
3767134813
212469870
99576824
2186756408
81882518
22665550
3830898657
3460283483
3327943712
215433468
781802534
112755386
3818408601
16915330
138990651
3043043896
166546290
631662989
2450239867
711982093
3037236556
825719708
45349276
595626914
480263937
5635802
77546584
297144842
241967006
789994694
2975381647
3255843875
2904971530
473275680
12779272
230030087
876039872
3530084782
14582825
152916342
46507807
203005167
994828542
905823918
2571757988
112822901
17816340
1099081
24944044
30264393
16555939
75778307
3338806585
1940605441
1486451845
148163365
1162186710
2149970077
1017459487
3497316205
3252766353
2420337892
350507302
118919464
206414832
23799131
2927461269
3609194722
250580618
126473436
2616094252
109964320
3593786483
3493833553
3356592619
1533171462
1849656828
3454246513
3044695333
1708099724
3180401251
2737550098
3534623177
271566601
13599082
3192436105
1646124127
494195820
33409564
804315494
2721409537
3485142435
2935295111
3321827037
1400659909
1261728817
3244261075
298509764
378726497
89992632
2891323623
147316212
2764956815
2915683120
2582778644
2728008593
32559786
609635042
16538124
165497450
3154180430
276656157
47413123
312865155
334944653
3338753113
3178852207
586024889
20694645
46592050
3438278735
160806543
227229141
93955633
1491788426
55345264
387747258
2423844553
516373073
2836328440
1128970279
607457909
194029232
831170516
78524072
3367534306
237062394
111773386
471283286
3293239484
1510633812
43110200
61121929
138839813
121204010
2218511484
64382146
742998648
388172469
15538009
3374271201
93397312
90760190
76488816
320645477
1235160638
2784827768
495252731
68467440
569828379
398958959
73124178
24203298
12051832
1672316431
3424161353
14178102
3318076927
3334062250
117817623
2833572990
3019931337
2982052967
2924713987
2187575480
558737676
233279405
3407504751
17106798
35453117
32465744
15923193
47386742
1555486489
459614150
12935312
1863146540
2904705894
101837328
15364688
111737561
126512937
3297904194
3314880752
182397564
2868103202
3419314960
834595952
53226567
12282
17479765
212364159
400341096
12232972
132342013
17133708
46863208
357590132
2351215194
38180654
606304227
179678530
1406090166
1214560832
259594755
7588892
2182726250
1973305039
174251730
1697681
3414350122
531787767
20027413
65970373
85708482
1602331
3276739351
2315340806
704179460
3000753730
200304614
303479334
1950264757
3151887782
147319895
382387107
3407302780
315904058
685063
371737587
43116425
1489175204
227916445
3023624728
570376404
95939563
40758414
219080423
244064315
1047038394
2255051281
29129172
17634343
254268404
1340446244
106924980
25576887
3287612778
199411518
56304837
2863782181
14867044
115303076
20703211
86299506
1932268171
24467334
416273351
271515925
23640808
52886863
21738070
101597756
106031260
14196397
85008467
2977683557
15081687
554691617
24206747
14646369
1147807915
2369732091
1976004102
84523038
68520326
373726731
107691679
225880805
74056069
2833318436
1121935531
133939153
54602823
21907019
2535012967
2499180990
2975006224
3306237012
347402364
1115704686
2927836129
188449657
444325309
18396771
19731867
25970476
2982416662
368855830
729753673
1243625534
26117102
517960352
1086591
48682181
3030553027
229718019
18995077
3220016868
29079552
849387709
2869458869
774795877
27818190
27437470
2792655409
23740563
24690965
934916137
12805482
340347536
40895210
1091580607
52883342
51493313
303416038
16538293
74265336
2499221534
149948367
45182224
36033547
32840946
2965240731
125357679
145439363
3219676657
330162742
88170889
3219709249
45936707
245999469
1077408601
1678581
2941069793
2850866368
14199736
21602087
3229007155
19154151
3380403345
46074330
46138393
338348844
27212911
1116123818
2305263907
22603
2746571522
42161115
25165720
23294193
26507867
251229400
18331713
41077235
2395932330
208567195
15905551
2466708326
2303453893
26269539
174518105
139312970
327188611
128011846
168610948
175960610
874379647
46136625
357166905
126395514
2264213717
78105463
1681376898
343884106
1613016872
2167523300
2216151394
31020030
397411039
217232304
53934283
464723158
2906957987
99818470
3301762995
855025940
544865458
241756059
22493668
57907381
14659004
3403866059
25758679
224921085
69245900
543865723
1608627156
323567321
162789743
21219425
1442644298
220981095
2532643352
544501092
330686646
2296792109
228605749
199424435
12420002
312925675
34506379
15684240
1544042972
3003521458
199663247
2429395999
16039297
491451402
2363907085
3363475071
2317232588
212587614
546220567
183473367
24843449
795341882
26225302
550647908
372612227
1321025460
106875017
276096721
111028753
23564653
242417791
145342911
37875202
3130915481
51823554
384865888
2538215467
554039356
424450168
36559583
633341854
7662822
2245407808
129929483
19501917
13498892
359565664
192091591
190694801
30998080
340154312
231591808
44129586
214597187
2880040229
2785096836
483747807
24755365
176391780
2844454494
412755979
350335147
57734624
2971624255
184520051
15347736
554106229
572161070
109146909
18418024
2945634391
2676100214
3303987224
19405285
516062774
3400010872
291260594
183813
735145076
21706656
3382396511
800759040
156378821
632857486
71060368
814996814
322927344
3271568888
3394668370
54211743
32179514
40489832
366245000
3254096149
354686516
453319914
393246882
424758963
2492877680
51956849
3291402368
80977269
553923264
36495109
3312120155
1321907196
2680124780
3388483192
2573766114
3061958956
221235730
544745299
3040545944
508095007
140761039
1975913521
554331533
3019082542
3262755595
48405153
2471353483
831870084
3183347786
463182481
2371981168
249161871
2433360002
2575214394
3380971365
30490690
188953144
15164200
168291036
1468248469
615539959
80329833
1969479542
45202412
540055431
355248431
8925662
3248984492
236917008
30903696
56236358
163176751
377155155
1710255931
2779846434
34507577
437827225
41294268
3280553154
3272279803
193445606
3067874025
3013093735
2865844896
20656090
3061114269
74996253
836626020
77615419
20386565
28904037
3024135664
3094950416
37836873
486423701
92455123
253252787
50844918
509230902
3362610365
1429241521
3358140964
217193419
308781307
14572853
3044033833
35256938
3356990254
3353595436
758882
563921660
3253369695
3265903068
16835105
10083712
1226314729
18643800
614487277
2427636392
3259810856
3001412163
627962677
341010196
443485708
547008998
3343404160
1368312721
99161660
468853739
1593004986
2554362488
2559314688
97651422
3342074289
314648973
3252409962
1960011871
1391527640
14119114
76981675
266577139
390964016
3231015530
3219762648
57152359
3247511544
1895055882
410865267
55673744
2825845394
606727212
17963193
3039242530
82540999
267268606
2905021833
2349316001
43084895
348319956
2989977999
3185550709
750640896
3312363737
15162642
2964096239
3174785694
2803781402
420865617
2846665313
214826841
3236273678
317103727
3306635529
3232646221
24086390
3307269659
540791809
143145876
20399581
3207510809
1920659748
3294871743
1587162764
843705708
225771095
62273362
3301135696
14889465
2496754432
14637087
3221708077
2778049088
2851349822
2363476844
1581094392
224550938
45515305
3300343275
788067636
3194659526
123610994
154071564
221513600
3293903019
3044633043
3296981411
3225816884
3218828048
2988396250
2927205731
9749402
372346377
3129223565
2578208166
36984707
3019931572
20842155
1170661220
3013855080
15080320
1673905272
260586789
3254316911
3145538624
857165227
3247834455
3157957777
209230079
86085301
114574747
1541221626
108036977
1265898589
75362920
790949
3192040236
787702838
2828603784
18576259
372876280
3189088765
2935118771
2323113128
2675751704
1291823738
2889495100
2938955509
541464682
3237418653
1829685468
18349067
822447612
2196244732
2470052702
926519628
1020590869
190587207
2470562853
66784395
1364567606
280837864
1481566746
179173065
230854884
738478928
1380677844
37256519
3181299871
2658801530
23035531
258770487
3219297027
2270678688
2328532578
48932450
2808487418
2921870007
3153227909
3157036255
178212492
14568778
1664150064
222626081
2320143590
18378530
2407815769
2430003924
1581683634
2984393568
299618682
65271912
702873511
69575367
8755772
2493677210
17204791
825544086
326206544
3166680008
2491942289
354002899
863844014
466824044
2907055918
2379436795
1645079108
2577809462
230209988
2871453981
3179251402
220801943
1539708812
25726155
3173609487
1690359283
285448210
2442703952
3157884633
87489221
630544992
2177885278
3162239795
130271782
14066306
2573172841
17285099
253706633
255639153
2975347947
2804015484
917915930
3148678735
1415207556
292526450
122402006
3123175766
2377575224
286151554
3097429718
2336902599
181465381
2884794375
111491544
16754025
97156798
316633630
1709354833
23569737
2817233166
29870498
593942512
5980812
1076434381
3104999014
894376640
107228340
2842781411
3130774385
2922835195
3107929530
3110781585
2205148116
2460112424
1884302965
3023376103
2736444103
3019885878
286955602
2865659884
614503718
248706694
3096750800
1905008911
3107654826
2183898209
255420689
178819942
30270765
3020248591
3098845478
13882242
3018793709
1012327586
137485908
170883737
16166031
12374692
163192672
1327583215
2685229747
81526905
16562163
153514783
403083064
1069860685
233575893
2913091066
1253399292
2918608384
876293335
1645240724
713221967
584216839
490532857
47467520
3044945255
138661195
450333558
94537404
3048044519
775977619
83800978
308599400
118599084
2369277169
2188502390
71973965
71679745
128924457
3068103053
359704066
3004157282
2422021501
3066046261
506793993
3042363982
2855265083
3053245825
2295086892
1910839681
390966330
1030710193
324413168
986608812
3070111805
464258173
3069509769
3067523493
3042284387
2453355097
350813019
412755121
3018886014
2733191627
306352912
3036657622
455230975
6286792
318134706
3003045294
94215472
1340008670
45659557
11605862
2411433529
1210086506
3050311067
487721354
2690475427
25100578
44160296
2295743383
588202540
982851626
103046550
3044655430
2940097771
198209098
1965234320
404740273
806611268
544624616
2366075342
2976581212
20283446
2382946124
80516159
3018681
26661444
3044638769
2417407147
3025271742
69191585
381800880
2740284051
2789619987
963047101
470183711
2970143884
1365517818
1666220486
3038250677
3039187065
5433632
1954981609
1657630472
1318684202
17035590
19724176
3033791613
3034919566
329478576
180461175
1723099741
3032099403
37369881
384947799
2158529173
81203632
2999933480
3028635406
2252950177
3028323544
2755644139
802506096
70751419
17346776
50361244
114256992
78443620
2968513077
14522928
17829425
1884801000
3006301494
2561338306
113501738
310649958
45986004
433892983
2527867183
874775220
342817299
3015744382
51320396
105692515
429478317
1266670393
524527247
33347578
1729498578
1737827845
16154482
631504889
2719071
3005396942
5848122
1652821
381969768
90279473
624928019
14499219
1157936934
279700968
95154284
328908327
33138001
56215855
49600113
9580902
913122991
470972031
2398518043
767022434
2887778141
3001634451
2190172255
169226098
39212425
2998022186
2471563560
19121493
217734240
2461962038
2996551427
2986586067
1352229068
139530987
2993763217
278187997
2990905055
2365045651
90429631
2990822469
2334688790
2881988399
33576359
2988756358
21367229
5949782
241692884
1371124412
57318109
78783
76378744
522126905
2979947039
2569697612
2488459838
15432073
318539336
2989425259
16196401
2983553937
2200881040
39285886
9562342
53436563
356525359
2694405348
2371051681
2980769781
543818708
9535712
231476224
2892163697
2977593849
10692122
7994062
6798592
2976801518
2976289746
164014494
2729959437
2975305220
70987832
380178879
191617016
52267311
2576682019
1325598655
2380872704
609821463
1656886459
2839250633
2505922136
2952804687
563318027
150859487
15102874
13158412
53265912
2964400539
326465419
24277128
2931874464
2740102300
364304773
2287449529
930137275
251665333
14996680
183347685
49890207
170806570
2735464696
2285470081
31028260
91383884
971205925
1458166982
439371373
1637747760
516764382
549832797
2956923912
2256517835
2952028780
2945080696
2792247099
281024283
2437643066
58546783
29058287
1031690593
364265866
811233044
25567239
114523
194327422
2952573089
2569873844
2358343111
2757043154
106786690
765849512
173905309
149534982
2932623329
131851497
399539511
1618403114
2938228427
818423082
1117519837
2505634085
331334153
2936793313
40716989
427043130
12057962
333734966
17169682
2929029785
1242614964
332591219
1342294626
210712594
18273521
480862469
15121024
404074514
2263396951
36079271
18383187
19637715
226233770
237074917
22952387
484388625
2930260938
2168589242
76098873
2844278657
462694746
1681897634
2918623953
1227599000
55722801
79564062
184858501
42197144
1762683782
407112011
1064959386
2905386095
1702860068
12666092
468675624
17077658
18014588
2924920963
96419510
45364700
116521840
271690400
336844551
1894149211
577379899
2921118204
69452818
77357502
2818152423
19743921
322822703
394202163
2907189483
2916289507
73489420
2833064038
2917276466
2919216974
67986743
19643226
35271867
2918108148
1639993723
855104822
617251841
2901778089
60862314
23674851
69465329
164672244
187939774
25079112
707910637
395391823
572812754
212999055
112415670
63791131
611428757
14256723
1305200598
22529868
1203716796
1399635050
854678492
490801364
878636238
613324226
2245297415
1960312507
395806965
1676247528
2557144698
603016216
2727688569
388003978
1224999780
2740404883
2439558000
2169183151
476149120
506122325
781320132
2279347070
1205892776
2166511590
2525120430
2314253420
2222036965
949878026
2779714910
91653122
2914121732
166297268
272370349
2896223854
103460151
216268294
1382605231
979683630
2720489096
357911830
1300443866
450154827
2702747378
2790090018
2858110355
2883376569
2156214565
2158668016
2892078532
2524696427
2261146022
2256188952
90816051
766473522
24797048
97535690
2696525858
84450766
15338799
140413767
118018672
1335414997
303313022
2902153748
2825717263
168390744
2858780977
1945135170
491636958
2884742734
175657091
7610132
440519068
317158411
8662942
901193048
233690872
2820714945
59643725
14242462
2869377122
34768035
597769673
433675136
2903085721
301036032
462591939
2880979973
2297976285
488198225
2823967901
1551469016
15727757
65336507
231667650
2784125919
235725132
805675
424383185
286963965
395719189
882357114
22807612
706078538
363033741
51870907
15177837
229867942
6727402
1539345974
917259746
5016491
2792924619
2563764211
2865812463
1361045360
61055749
2760619389
172746458
1898968964
503456525
93890201
2858478321
552830249
432749793
2727911485
18046928
2835394560
2418826856
1483366351
155068002
1530573800
2238342589
130993549
2801923530
261247620
14763630
2844568233
79542658
1188310458
1551189560
21888422
2840953334
2274479820
52623
257164714
2842607831
14082763
57748031
772544336
240625951
2870918706
533180633
92106759
12882802
1390928336
56328035
1176794137
20257132
2426476378
2820694748
55201331
17761177
6754982
2803634079
739380528
2805865200
18339415
2832440938
450163578
1242304663
14537148
2555327924
1490043295
2856084530
2433110664
14104692
2755290627
2674551474
2473599979
62256186
344016635
1597985040
619202980
2799929730
12601402
98045805
1613949636
1134588482
2720555246
209312656
2433262831
334624548
494711966
5969482
2811054703
20873327
1421419508
15142642
2588545388
774856488
16179748
545900235
284118726
16167027
14837403
36419582
829653469
563789503
320301426
2402449782
26786635
92966452
106537958
28327847
56473734
2363329495
39099846
18496388
2282487014
21508941
226121218
207842973
1140373524
408720507
37979166
16640085
38629432
587661311
19958710
16603593
2236549370
916908662
2556583173
1671346376
619518019
238305584
629477668
135440751
22449932
313558589
299381059
1155603775
513250909
2215399528
325519722
2538214136
14598482
1412872788
239064252
50763255
113639264
38099523
215736130
8215102
2475875167
19895564
10021202
15693673
5923602
137230375
590519645
348355976
18553506
9984372
475656338
15527249
55731701
4678
813453
21569251
782275
562581322
6508772
33478699
1127951
146119110
148577036
222222979
14706670
120168986
47881893
61868150
14187969
152768869
251967705
741121723
15118916
17404012
462275979
1077132036
23331523
566526741
15312867
21148251
1088077452
330950124
126087207
18132818
291555064
996067051
317363516
101278333
212595152
103888488
42748507
588592810
15209398
789888
14680763
20485469
50408860
34087025
19899909
571323450
17372206
43463721
1282141682
535203049
446540129
28452416
2415646747
2543031276
43856311
275079644
60572488
2844874526
400965715
399683558
2224092002
130516298
1088156059
231255118
1735466449
154853557
46341377
325984450
60393359
16070100
747027103
560732921
17618166
2383875210
14446899
17670721
2371563546
237905295
190374373
25619736
466803286
22794127
2614132124
500609206
1389106494
59092539
274365546
1520517163
78617547
1072635439
128873058
2222348322
289337035
105405048
169433728
25227286
71133394
2744159045
2274073254
16903700
76974478
19839125
92274672
15936756
2756234137
2784364250
16185550
2364620480
38941723
924066948
120391336
194191252
150236005
2397407948
12785152
14319885
12183382
145954519
27597692
423999071
709539564
317979377
251308431
223729530
158267985
5749372
21986826
916997868
348856615
2238958711
2364618060
2792867241
14460357
1280873347
81198632
635089662
446575493
189555880
205807392
1394833760
82598830
802773968
25904716
155045056
11141212
21431187
15338019
7880662
34353408
1697118668
605203551
28683921
284024659
801411
80794593
14948465
804481328
606868122
38884489
35110740
265613873
15402624
2416410054
102594136
536507443
829736174
207201387
417775813
538353187
1289268199
29780426
387177032
267402659
1044299162
14932343
475750247
89338505
27217914
17948234
1458290767
1004571
10442182
55596241
148908705
14679601
8061002
98838636
518703876
1943888444
2405858338
781100
62283584
76683550
411913202
299309078
1709659592
19821878
14078127
2371996984
52346345
14321535
11197522
85025912
771195421
40989620
371331858
38133668
1613142775
1434670350
53708619
14676814
1282150344
335280457
80326728
2321936832
2160848411
33100216
108325628
2733093841
16494063
427827691
1111187294
375843430
7636802
1854632342
517455489
17828739
30727970
726957066
32665995
127264281
12857562
1416961532
975286842
1368443774
424949213
3814821
1958495076
121581807
15732545
2208468973
1100033425
1551478813
394996461
2241130376
18217903
243373141
45807744
168522640
102384781
2560949615
1362253741
99903365
2200370106
152350051
35817916
135053295
80624319
100360280
257149515
169426706
230319291
81136296
81032252
212023131
84649211
18540882
817448893
2450180460
83743024
409923802
2806508150
102019617
77909998
591875059
2258272605
808043275
1424144516
185389962
329590528
59118599
761397432
109018823
780505
1025188172
14862581
14993244
360880535
219730135
359791395
2544058338
19801714
14594370
2444031737
183641845
336154099
833931145
246211498
196518249
1600621874
1118964038
14607444
256605376
396372337
14881677
189574428
9311342
29733496
14126448
471110349
23051564
414186251
165462023
1485436352
54567377
224375617
15399474
15374401
463709422
7398482
14141356
13310692
5803082
488182324
15384197
172623884
2198475349
14895966
29296370
322177274
4653091
795307963
333110257
518481739
14701343
966797778
221070498
1941213656
318454172
2200893690
569918646
165751165
17484855
479557613
272083854
34842875
1569583927
37454339
17850341
14120860
2722725572
2556027062
2519584291
105659327
20022705
573417749
7411692
1567672369
3253711
29776987
104642390
929241
45993
17290505
165379510
34412958
120682128
36780689
165841423
41674525
310787752
216317658
91070386
111021850
155382342
71522344
19465606
21681514
6486742
101666602
323517781
225137991
1160471
1936551012
2490528313
2827586390
5916482
38562659
108562174
2461932332
63395333
81184605
102175618
389611341
32212023
27252780
2826298938
434803528
462906875
15330061
36597997
376945665
16703859
115127182
68178334
2459446224
900150782
373306465
411238988
14749914
402714017
928553150
19128329
26500879
2443813117
2814248940
2813930256
22975028
113730881
2499264156
906692827
215841314
304039683
1623937236
905110842
8368622
14875578
579034405
2452458824
970946090
7075952
2562642078
14078980
49719122
2785663507
43429353
18698554
77517811
20600705
1329942864
2627929850
1576439156
2446337250
43960311
2449746824
472503375
487480713
1089324068
257705663
1090255710
1619136362
1722121
1830222559
43422680
283311013
6340432
16742538
23073951
22044436
149690770
32688845
352359000
139515741
15064878
213093846
21429841
560856030
17348564
88367376
370798905
259517394
450903969
1876524516
220861964
232331956
78269784
535626597
36925674
22710572
18968795
1358508721
238283663
1345772922
570963825
1481108636
17066914
688273
41957614
423923919
1069599404
390279685
17859221
1084901581
226341987
379589912
733400480
2535241482
1338257630
838340641
2404993140
533343886
1623774686
2776944096
375988214
344294938
293187776
16167792
142225350
751831789
2533679383
725086615
373651155
1573596392
2150964814
757324879
1911416810
31080726
80638903
62612890
28436221
1546702236
70370372
14178265
1044820404
1293519410
10757152
715277918
771939626
1533777176
10965432
46214168
855204140
360935931
57711216
2804547450
19808555
