id,screenName,dataCriacao,numeroLikes
888506983
25959030
208063653
3185568986
957388261550419968
1018557245771010048
95090316
1362959618
1034902245215629312
41980394
2275536942
997464722101424128
832618990979555332
800390572154306560
3176684323
1567616593
969578592320417793
17850785
262170671
3050932644
527598885
2784610851
29225483
844059177626423296
480545789
46155370
28535550
904453878137151488
17656751
909229068436066304
2736117492
1027871492900638721
14702030
2385812228
841539882807832576
3797025560
11019442
1022108072469295105
1016386160409473024
3557450956
2412194952
384469061
1025480359994171394
949364318608527361
975337289806237697
1023574228145188864
2633385849
985987037500231680
754347852965502977
905149077599420416
1024059201956589570
1007178638154870785
3335218570
53715749
2973857392
2343659814
33814813
1022643625124093952
158455025
927615193374429186
980509933346197504
168247725
470493892
3188019022
800770928242147328
1021693800874483713
1001530630281355265
1013430280928026627
2786512221
467790518
1644775668
124575129
993848934887051264
890242473171312642
892103249637126144
24493479
182110244
20113426
1578616830
960515514157223936
807286125056368640
1019036313612255232
1017619700417785857
1019350435151441925
101223445
917907622136877058
1694849468
1016520490628866049
113288259
818622292712456192
1244660335
994685223081259010
747208065871577088
603980531
143675598
108913232
1012038505613049856
2178322863
951122089087414273
3420134980
2201975065
181565907
725131650946990080
2420047964
78761506
363636029
1144279069
571055969
954106861598453760
964213140069154819
955711313186930688
764237750937812996
3344804354
241927941
879474613352378368
4846842863
1167366421
988552353241600002
909255275785449472
1543538496
996177041404948481
17557074
19454198
996406899703668736
406616703
1010202875442683909
1692324464
2585299729
3011742602
105866136
978036382789595136
3035183724
20642267
1009851171656388608
1003785167591231488
329236748
1005971874583662593
2723445293
788552943750569984
810247345
1011222758544551937
995360729694863362
828500359752540160
64344856
1006321146944356352
466411464
18788213
67284733
56518452
341107306
956256247942209536
1004368265890574336
15215492
925829908978458624
748461776858128384
722185869751410688
1005749577738309633
1007667600736731136
31487726
3118695513
65860206
3382332646
4758518656
932181311619522561
962480237794725888
738701005005705216
81577708
1005241624161652736
30058327
857344667834355713
313007840
764053291902853120
3249533419
397284862
114279518
1084874749
911073108
87155067
212033829
1005173589463580672
948622914
899848036540612609
208198665
46454575
486673430
17713109
975409446536040449
735458163223199744
918679786100203520
40530294
998584793687347200
712504229466734592
773206965996625920
48185005
197573623
1194342540
248967313
993968491815464960
999092402886361088
3218187987
998871851370799104
822715529416753152
2324576834
3572768723
3248005765
1228505480
87532108
2372990658
997519088497946624
564338092
996289555325112320
837160853371662336
995553984881475585
433805300
743553766889295877
1458493585
481210688
582250080
433849934
882513567328591873
186193000
2484320358
97141142
965960747447615488
3908092040
990318073101111296
19815361
17853
931959172941471744
854322422505459712
402115534
823409231311163392
813245301095997440
910010660703965184
987637302078853120
987346863333388288
16713830
15800560
54983960
969054457978789889
994335036
51132768
17873592
3384596296
986308764885073921
1489149878
965361295661793280
574079953
242946491
983605969757192192
836263140652384257
4882983154
274204607
211680653
734108989680685064
977749623925227521
980201263936737281
426560208
2568108417
452308462
976872021987676162
22180623
1852961586
33691132
861857935722500096
2463423108
266937898
4205971420
925755069068468224
954484529615589376
825395225082339329
4274246176
972955151966367744
17372167
889611115
3540219196
881839630336884737
972169295479345153
2228896645
179280930
270461405
10724722
791113242911309824
970509550909566976
614911374
23793507
387811817
898838438
21120459
947908689285050368
200808393
15284295
905048987178115072
183704703
809909052251705344
714569924
40413829
159946493
792428217881677824
831140986935984132
190656006
759594200094552065
1021510626
861293253714481153
1881719791
200652221
964303770367746048
567598229
18264871
932142676358467591
528660715
2165719923
963096108548444161
869970258806923264
1949683596
343492856
2805696181
7616102
23396482
961511015304351746
738420604991377408
866581416041230336
1016219658
709787986141929472
954006068249661440
221959507
3257608149
1516450608
919923420913074178
957700838612488192
3301389791
907037245059805186
854861114479431685
3141882135
877348310545293312
10663682
1226409031
305952061
853215795979190272
34835355
335580537
952673420684259328
1676626537
743021468271841281
533392533
952754931554906112
919742621806944256
470753489
3264698932
880807912389718016
275074643
920381824379031552
952195282644754432
227166752
816324014524272642
717791905405394944
2412790471
43274604
70762035
33548698
225748082
869865756770672641
56064100
715293032715829248
4041789027
533740596
844376399615967232
944682284568911872
19465881
756689749897863168
735291813473329152
2910759997
940716151331487744
865358501358469120
1428555672
19754219
904564507753701376
926663544
947161139640549376
755901237711822849
410474137
3302381520
171819600
450345401
888199568592035840
814171278
14621509
808873359136014337
866812336014622722
2409542876
3997757066
2337570481
1361425375
943000272250355713
919019887862808577
1012302602
77239491
1328384400
881712699616370688
245188319
226405546
885445847336472576
2751238556
845111524272300032
917008575347806210
1625969659
923303005457469440
756416097398693888
3807333262
934814998962102272
144420154
15253722
12991192
747506009489477632
929016163136360450
1676240612
29593759
568783834
734178088481886208
2859827631
796166584880472065
987647989
613540713
779479750460968960
935927774770065408
852507189004685312
332987584
934900700533985281
884798148035653634
847788769034084352
3029936344
886808078624190464
14178518
816335359936065536
838906289161928704
814976298552410112
2354368922
933007309718073346
132520929
896484928984109057
937785786
874990109434793984
932038618910154757
2788551218
2196854971
75053815
931548216826380288
831284398989438976
170824437
1007351838
226746750
4119040600
158898310
2301202429
4893958666
700047423
27769629
2613538532
928083911732809728
915484020787630080
791628341220704257
702299918950502400
175835234
74000463
392657505
1375929990
3025048763
3304521991
4888539771
2411088206
257304851
833040094265212929
122108962
45547781
17207064
489189982
795892520798527488
313878729
838708458
265625531
33593435
22809781
864597367215067137
842028278797996032
380663488
3863775675
14959257
14392350
834458936614981632
880974660568965120
128409676
350689546
14779848
3417676967
4731544464
246764371
4603117115
183456716
3256232071
15158072
719205980450459648
824408208462589952
250312578
445953099
1685297022
854547785772703744
920144144743452672
706626858603945984
33752577
914164471232323584
904762335369326596
2292223847
93281218
745435994460028928
711792104423473152
529523253
1094106709
918227794089345024
13551722
82484226
3259367419
917390410712051714
18832843
22608143
35728722
2341197008
2168881909
260824022
738327488
901625843297988609
915606617646755840
754905551579013120
69943846
915380706578173953
98467098
346775338
743027597056081920
58695058
55784301
108385030
166832267
4071997042
912742254929776640
995850631
4887197103
311777632
891525698019500033
1018975530
2774790468
20428963
757606898
157041691
912350195576446978
906894859683934208
865371684165079041
619682046
5470372
148202810
506489929
115166941
60238963
39286396
911807883410624517
835783938991927297
35854077
126819536
1381013298
351119518
1976026698
840239625297907716
1260005114
846162436474462209
45495030
702322368740499456
781225944333819904
852672384243052544
8115982
907323065998049280
835021042426896384
909538149474406400
211530183
906918735163801600
98730267
869981510941724686
721224328604426240
18931469
94479655
816477434
80270011
822248854192082944
1961344706
903324727476854784
359512635
86111855
3806729908
34220569
2964600693
1014547674
161047862
2521901587
2508841026
817132057
29887589
2896450990
905671747755577344
369451466
19509945
217266358
1485295484
81044447
319836129
841815851741388804
793954965903458304
23003780
21684471
905127901669933056
1058404766
904578936197312512
730273959816527872
16800592
883978542396186628
904197421114195969
26967605
911662147
497652423
19258527
903613860707532800
19679159
34622941
98922512
232656611
3122311681
629676194
108360320
558299229
855596600244133888
811846681
1666048603
2356992132
231637045
16713732
1339809722
16523998
589387314
16269899
802975010042298369
417271502
25160802
716009752661090304
405861691
1914301
133239991
785222356251705344
101397895
713825423432372224
9096642
101368556
1172185038
376172755
3283320456
7692892
85654566
11413952
568750220
371464894
78800216
1641955056
635716493
2015151
780969716013674497
1562403787
132702553
2803177326
17036020
16864579
1647917587
19822396
17465522
15089719
2522549820
257816159
179592848
606776417
14748123
16798604
19801533
4700153839
155924796
242283416
18960926
17436278
1000442328
254831396
61583844
121574840
758351644639817728
1352040961
1305711
78751295
28289402
39366506
1703538271
31680812
92856107
781242500640014337
43162640
23157456
703311270
902335400664027139
169562463
94532674
901767789823885313
875763364361900032
428924207
3992965873
1687186009
824510141135552512
46850828
15270560
425528976
627891959
52004465
3163311259
18299444
807739214
203925845
2239533913
213684027
1537721520
34760091
71518255
51997946
15454871
721833693409644544
304637527
737084857218523138
2821204695
895303965818191873
14164037
74630513
867912611559604230
3287211
473082618
18469580
732810291680059392
3054709635
747542118898479104
102932258
66482237
25591675
865189992
863810829933715456
892094994328289280
867524684794912768
1436148337
143464377
452388345
783306486353043457
1544098741
8678922
407295148
92058679
893175519042207748
892832245102256128
323232539
42622706
11557302
876266811804835842
2312052512
1118878321
19705270
889630979081592832
464269968
633471451
732801541963415554
1139944759
28334406
959212994
72449062
25211238
4872026578
1413463418
2979642083
2693107095
486540343
746576827435520000
863334508606754816
21297371
194946412
318889340
887793823694434306
72961518
2863808158
394673812
2387855430
799895898520043521
536562983
14207580
459371283
199031937
2629708050
291822184
855949203536830464
842895337240969217
1444220190
43406219
17432827
1698113792
3231540032
724241580819771392
774606420
821896744195784705
14788250
386475302
413448611
90020215
328726394
2899694188
2846596260
534518954
2677638665
3374747284
601669803
1528496599
1295546790
3024037060
2438218492
870488853706158080
30866850
843511755250810888
17273968
22253573
3306189077
21355154
18752512
977402538
602260532
2992170563
878418940124442624
1298515532
2194400983
2788053321
3073056321
133020141
17733971
2340726428
875931370601631744
10374692
410092821
339685328
769009202253729792
236052091
947186053
19684673
4770666962
46476526
468568444
21328410
874085599036264448
14163776
874248943785431041
705883
2185880540
121865109
713741433581084672
950656124
24367478
80187328
775418237320179712
14722480
296061987
452746776
469682637
15506256
1579674422
312300821
1458582559
871534339011555332
3111602722
1355835216
861582357702230016
784098149371670528
49763806
732375868694220800
725753039739478017
633912535
539145917
840087626136793088
36624100
309979083
870691921408147456
86501160
842952423098531842
3188239916
354649450
70842165
869605424688791552
3749681176
1457938921
71326445
1364710782
2644877376
347658342
29622456
853299363136798722
713772387225968640
566566109
844369469258510336
82918102
2918939957
2875673506
2735167684
718999080391737344
14994740
807285601
234861534
4855772344
3112901110
799625332005470209
4791385876
33738821
2429622332
4250726452
2262837275
16557729
864201784209932289
158231735
30425876
790502210589319168
14533147
22893132
807983089808879616
34704888
863016810656018437
303919617
144738662
34749363
11826672
47749019
818970942521020416
162457422
133355155
852299121180504065
24104125
860552599963136000
158319624
852161889626980354
715963560891981824
15765043
193050144
750766613528317952
522271091
116932883
548031777
763803451486642176
4666937719
21889515
811229350876024832
2479413260
3185559259
187623558
55034578
94189950
1584929503
834437197772242945
817556976112693249
802975610054250497
267175649
858651939193716736
762453764607315968
2502632603
299640137
756866993639292928
424729263
24811584
706643691356737536
5644142
4482511212
736964927760502784
34464144
45749896
116495638
15958921
15583246
47732751
856127542272471040
15501305
91132741
600783699
109103925
797693444722335744
1374237847
3696580347
824085120877522946
2537904685
844521662
816010477935456256
2154099054
775022600
842068887902531584
4881096765
55338764
371868455
127848839
4765149206
2176441258
21835937
713433585349488640
1081862856
3247613577
55312926
13854472
546947761
1510996614
94168533
18658371
3072188281
852935258400018432
4674830292
18511721
5774442
34110338
304024635
787179477575036928
234081381
790616982
1608329534
781153747
3302014252
3430486905
582758531
114954565
4222875209
28469018
847329195025850368
2493260306
850035186821545984
16778925
928713889
11260822
1006860944
226647144
746383227812732929
628048593
3186605629
969206688
2907024525
841802352801779713
15260787
139926195
721021276387741696
2810303793
169154176
19515563
831971427762978816
70760658
3059184421
724574663913934848
846554403406471169
404218197
844255900911263744
2322749888
4730648954
717193203011686401
4450509553
3297477956
507940911
764544847
2616435698
49591074
722736271257378816
788308420717936640
751548009360556032
303353179
66038342
840903079272820736
4910375233
260779750
842590202254184448
3310842440
62835507
59124067
343578410
44533955
3065873123
1694843754
327010553
449502126
272198175
318940525
255269018
199332254
16798517
838999738695372800
18450149
3332089318
3198622081
1920950598
1213309874
384900731
2337623407
27795664
715014540191264770
3378624825
1498711
108552921
15954321
408847691
59799135
3908220134
41720943
30268285
887358055
34093985
1496719134
70261693
366090969
835272729637056512
112473451
4051436002
45423687
2729634908
1443631261
387522188
140956028
347936003
3079892255
853283701
137436891
257298750
837717085639831552
8663552
706569250610278401
563462615
35248908
836635541235978240
19855001
836033358358536193
486844699
832010606861496320
552184970
832733539552538624
12406
834997024164544512
23170359
14688411
57905528
792299498236248064
2175086401
3548868916
430781512
834022224520699904
4909334807
2214744086
2976471909
777674646544154624
833298667943649280
1374110749
397494703
2364296588
995779002
1388516370
3232232040
1250837670
2237993572
790935319956819969
1180020612
2981304550
2514558203
729019778086490114
254111550
3304683119
14934948
20459650
373119172
411620597
831101005165125632
637439682
30281621
23269207
1851780535
2889319752
361358777
370292077
826796148052619265
700618993514643457
16714255
179407228
3334111812
113106200
1221761922
457868621
174048465
1708214022
21782055
2963424795
63335403
423716031
829388842721562630
361814085
1278383365
17936568
786275853319536640
828724680836149248
88328768
215212556
828207850526822401
963513644
15411980
2204087124
2778346369
1389142340
52597643
339608275
1360485908
715032095719104512
706576663618781185
81670762
4384516414
29486762
2341076826
3115992011
13131892
817793107504852993
3311764064
37070903
3152106625
2227775898
3421513708
2521254889
1692561338
2677876398
711025829908578304
784911409717121026
811421629221916672
721631865866711040
18231831
58145489
122163711
16207998
2342813598
18007362
26139139
746146886587809792
207284277
71248271
3413790323
1587163760
3303936201
3187977729
1973721919
3154146901
386715991
825324722422427648
95331881
3239252834
96588367
4898608384
2945700927
2336675261
149545853
3045288417
174253651
69020175
1468239007
2643625710
1342587211
11052062
1546139485
15905327
115109422
32060243
2226317018
137519837
168825198
45192613
532324790
753397532617609216
3301635742
161883124
964286592
20857435
563261646
342372106
105296781
1926648360
62011768
36580617
396075042
789468062953111552
96517813
218267483
81364296
637336578
59543224
132363522
816480052418379776
276741093
798757971840749568
772651266011004929
276291806
4843125023
1490858120
32507704
712499116387860480
1521432469
826276987886985216
30679327
2340752904
342507185
32161023
2724632910
166483078
51009706
432682306
23166848
2360134542
103077946
208846364
57847177
16538210
14065750
3306295273
51462013
730525839612207104
860557309
250712477
2784776045
39829975
632586417
826812293296041987
493941865
826708333335834624
359654968
2539318141
877148618
733418039945793536
15885737
11742432
3004220011
48652129
2880109300
22220344
288536244
76013446
4796007197
25292668
73544602
111700795
52045621
611515886
816517976530644992
14775129
180243886
395525919
142709864
51632471
14774712
20578631
718415243660156929
213767501
235711783
7907072
54864334
1348501
402678307
4227818182
25129009
618715440
57001304
4882619547
92184482
1592358882
141732414
817359827299135490
42320058
810991955962314752
96629424
765693397260603392
3019907591
2406251222
748517271190986753
3224984097
702975792582672384
2209273926
401777765
755384
402933464
2878706204
408986038
786791514991054849
147177913
695225649368182785
3419356269
511113519
799773313392345090
126793419
2456838158
185527392
821096974522925056
2293111124
802540582832848896
262282295
1428158191
937665439
819184667194720261
764450060365017088
291360659
1960908224
2418616554
1341860420
28121896
4705794554
701292651262267393
3117270361
2329667184
22472694
281755491
376312009
1544372030
809187170925674496
729538977150066688
349778896
4872493193
726078939777499136
3162992408
99774297
374083019
19515931
171802231
817629728529989632
184666295
752025306
34022237
994771740
111940752
816487720822435840
633887424
36098759
2769895196
1188585452
22270735
551486529
803904642811883520
731409565334548480
1624411112
223345426
258112903
617911413
183463055
29554039
2495553584
753823668459798528
254236359
8884342
328807210
462970837
541820218
3901540752
23482976
812734432356470784
720058519282704385
621617311
4725500543
2843198055
1922982428
2479918009
805832107973033984
1679188632
180182760
75623176
1295706414
347296344
123710276
1265689453
31458684
2761247357
1239266012
788037715
863716303
321349709
16920778
797639847569686528
159270749
770697601838673921
20751766
796954641179111424
2958963412
719009969388068864
2810685921
922790138
37351005
3474131120
1281523362
17493016
211870067
963155815
77073475
787696592207933441
794421776490983424
130954216
134550004
2321620658
786981246559776768
152327904
245458911
771630
788477594391945217
492942165
464506520
4747149498
2281521568
781810653883490305
20637708
4876470532
42312611
19345763
783709224266260480
137030987
164992594
3613018118
872804856
781942492753235968
161902356
780422018831351808
763764935075717120
43586185
553773213
3435395337
733214518394900480
4388815214
14097851
2410957280
742636867737296896
561076682
27638716
19364847
776321232685981696
3437826466
777291713715003396
827463337
765220676361973760
14047127
2192692945
20868239
3035950558
160802939
2735667413
724670101635645440
274970800
16708176
751509248723542016
698586460061048832
463066554
3286218461
15034048
1096077697
379952513
274209457
37603319
52621287
21644718
2285533693
5749642
82755318
892335782
1120565664
61730263
21131579
2967134279
2545452428
768285503808348160
2326097029
355743500
395545073
2312098993
297077737
295001627
3775332141
767178060265291780
269933816
14780806
1358620141
16791575
98005033
41631502
743035089228058624
351006552
1138980890
78650234
601156977
20529183
766555259485327360
3059587073
30047575
730861769569140736
212203872
441972350
4898051170
1566280160
5518212
762294877925277697
2986879969
4857703186
4839663761
763467684826710016
4434449716
441168226
722131705126088705
760574155960057857
419688290
755204474461757440
754383285585743872
735136514707886081
700580443385520128
753004492912750592
756304712333393925
64671179
1135433040
963727003
521361632
100759857
1332681492
104216183
3687683357
2686649288
77514662
27898807
4902048258
2462544788
742242223220232192
109531529
3375692969
615539959
749503788642406400
14848297
748988114400534528
569550645
3600926115
748117701197991940
748141178458083329
815423552
24893128
260252679
3782135653
325278454
121221121
16347869
745046817776099333
712863472556617729
742475710464413696
731747790
91551020
743923284073418758
319713049
26596989
21746578
740613792036495361
203928577
135945443
17144388
37893000
740559384380604417
1921623937
739912477001973761
232234301
739590385736003584
3408629939
3331869641
865740276
484057549
720663131438125057
5850502
17174425
737428615726567424
737371577059135488
12175672
366389098
736469451797848065
734399828378157057
16696241
48831366
722491498638524416
124129887
118304939
18259195
1753587847
37869469
139432312
522622866
731892220299743233
733202240630972417
732624742125953024
46422308
3167963934
206156788
493598575
228999469
312320464
731129276016300032
3528630502
113075701
20373347
730536726683332610
717944928135811072
61501654
728685587310481408
27987027
728289555162357760
86988270
1904106175
1482786620
958231
727401710608605184
18778111
132310937
1065129691
1249931096
2279678916
1732271466
1263442778
344954236
4848518997
618704660
63871935
18061435
3930269362
724041937901228033
1122813511
92383774
258107844
4704503989
3778349843
2646281670
1039702184
3374345290
14454876
2780229704
926113843
2295099169
2462607374
724811067315130369
724727157478592513
724357517325774848
4378450396
4378483757
975149120
1868548710
4271159422
526774188
724169090634514432
2479550147
432477396
717049300908257281
771598879
549278566
1160697895
2421031339
211426241
4795700060
23872112
3116035705
721166919206858752
265925462
1419268932
45118354
2479361280
2460495308
20459342
2521008540
284260760
14655873
33646148
117277917
391803857
266199450
25767584
721860882901430272
721810357560283137
351595916
2842935579
215077572
720586922679087105
525607460
965658908
770673488
87101975
56151391
287360036
232124620
715184503707205632
365072444
1039066231
2337657341
118420347
2600866843
4229489832
125249275
50790817
3927591
46569304
363245193
2992122350
3129712618
191486121
3642288554
322367628
720457814024523776
162200680
3222705121
2150800961
2186324054
25748850
86169285
493101249
94116483
780581804
92491795
2928196634
158655714
2613674322
2365281801
50367466
1586462898
1393712066
389862804
716794181591506944
53165116
897841154
3260183791
5618
260572639
5555972
458848864
293196188
4899264737
555653087
62378393
285919111
489884495
62260122
4578933252
718476535385034756
21024579
24506575
73473960
147143767
3132056619
701783645900685312
3726284540
4685258192
4184154919
904653906
19051436
4270830089
490635760
95747739
715692705720832004
1417276076
25783327
112057280
308769987
2265625837
6563122
20279305
14671135
385735841
31544935
384413673
626635069
286962245
23939012
2190491128
396856686
347340089
257972944
701837187227197440
709416491091886080
4876941993
21460305
422935716
2878580015
181614910
2451216839
626977745
1424363558
3433400255
24576032
337901574
4021588666
380098631
4246874098
2999654627
2490161917
2899694857
383308575
2943161728
4833330933
201309132
336186715
1419707029
2601824426
2494446463
862028784
519720755
1868645024
230485249
1936368080
3556233612
18063837
314322593
720552095494103041
2924466786
56343384
4912129287
18744207
719691415408742402
89886159
17798674
68814274
2564311747
15491768
465965937
111682807
1301632686
23654193
1492706682
187225358
2983923296
3025059493
18698911
3195651777
176083604
2358037758
86350796
2921293481
15370302
258057762
314614757
1225570734
361006333
2794988772
192633618
22487231
30204853
3308295120
852202736
358339355
4455576194
1970523236
19619672
714915513151913986
14229535
480155170
432558541
3377441945
504465067
248471353
577197134
3027154198
718683559574130688
281182212
23271262
3024160770
178157867
11139312
16340070
169926909
134578616
82792070
470782795
111719047
2993715757
719899277942747138
98988660
577184843
26352656
172560622
2362312963
1309591861
3678382993
3244653688
22837942
123370961
1892180029
2802914011
201575429
1738746673
437956772
221639869
88432761
51594958
135939626
2922078776
102089807
24575447
821583
3114744461
271072488
233447707
720440629600194560
28445624
497497955
105324920
401584732
2426034344
64307461
52625626
2829135823
2477448877
14219741
2217898980
15814976
24752012
2943926202
62214892
14683596
46630950
37842998
1029526128
632090700
807206
711591743
320358473
48149722
15907485
446535485
300739785
23152842
2768468267
61141935
3398597145
31213648
21375545
1007760474
60717698
366606528
49790380
20708869
2585425137
82362198
2993493986
2266802462
47485912
25947333
3409295434
14272210
4595062515
14726938
357262793
7305712
83446962
1519545968
455136700
49377861
15639470
2497168608
40790723
3641622497
968846168
4880257488
178563004
2771116137
15937339
28114525
333892528
4183670894
26733416
1679938644
46327990
9972002
3798991692
720302279337779201
472432697
432020290
709883825862520832
29026523
2453488657
4314832162
3354636808
720082551738490880
130609197
413449006
300332260
39926824
136495729
3068840803
41303233
105552626
2854984825
710955715372785664
16915651
448515462
178932440
3182711420
3648132735
1067237515
438893793
921818461
716016831979335680
21325083
900473359
35633966
4041885012
560461705
15301935
2400475159
1376012516
25012915
349181830
18271367
2955725076
511117624
560564504
2713188378
279251440
146326375
618295204
1340686897
1527957890
404324317
188142835
227012158
720253657766326272
376278939
3101927408
218335318
195245287
138485722
241213680
314178041
1721058031
4070434181
44445164
16016121
219565596
703260515733217280
4230424077
3420362969
486370072
731573
13905132
22800923
2442868818
2968896935
1358208918
30129125
21541880
1556240965
1596005048
1700146657
448537895
166301569
50400242
510611023
27647174
168282326
703334106256580608
3438448445
562428488
18709225
25292373
330323895
393937776
349991500
3691327816
719560999733432320
273262639
1250685560
1086407516
21414474
383335708
2991028157
88384028
31692057
368585526
3017609174
19574744
2560866889
939912625
181216534
620498107
4612892903
47698395
193854369
436045601
8084812
736389638
14814377
3496435032
4299506116
213510396
146073040
19766751
110287264
480919847
2530104120
101663101
567713244
2289807819
47772832
932263435
217953698
1525631184
66041442
715571645574946816
93943485
13042012
1513819327
18221162
237585895
64722726
337987391
275229675
383723258
716714848474820609
458568028
2680709851
20654865
94078597
1152173144
51864755
2175006329
70400987
26972672
38444742
712380909576720384
3434728108
167377979
184523442
12660292
3024385167
1592351
14541696
17403601
73822695
281984547
3301797801
82193317
56769678
2892766283
3094344740
628201108
4885348571
510537518
173240803
2475000462
1259792815
720327664221974529
920938748
28055080
14255057
1102098822
2328420080
4116973512
779451
34375012
185887200
176230702
612141934
148055985
2724544604
2357532319
3430717486
74985889
2170502990
19951728
713975476793032704
22098888
21493032
172968146
12471832
15074815
719541030194847745
450833367
429619474
26188124
16304748
60815898
2151454518
38043696
1627796910
11781992
78852540
51663443
1068440395
54435849
402289723
208617397
156867317
200701971
14865524
4040051
19117283
49753313
596818338
2448005999
249966579
2688958572
2793051766
5361852
269524233
1005169518
4622401
701115056516280320
14877471
474986411
1836344318
111209702
3650476333
483223
1551024792
1952394228
718407913124077568
398340169
26027509
3371535011
40749342
1711248588
256847798
343569774
3032332149
65620348
2652395712
33441010
2861764091
719662047559069696
718959986194264068
151813109
44842972
718904671386079232
714811766576963584
32767384
19489761
78435131
717717173444157440
258635556
151594353
596717461
4865446371
20491432
86612326
716053652813717504
491254362
60398610
141882401
371143643
20892367
715070516776857600
715079712364568576
77453093
2793446441
501690108
220818088
80977269
350154598
2866420020
133181547
1393006686
713359251100413953
394966604
3568963094
553294124
603615528
393879812
281202642
67569348
255048752
307606207
11362602
70807028
39149606
14516074
43457276
229985598
20368673
17302185
40142013
4590729083
322603863
170350790
286963965
706167701568356353
2792655409
1598009971
2457979890
298802525
916830019
360753110
728729822
118586432
629350742
2442340292
4228161089
3008726101
619660597
3007280252
4919313910
633588451
2219913814
204964003
2824004439
4457002873
4914524905
841847078
230491836
3065823813
4912280855
4908927251
14719001
17453140
23061560
4893323745
2259484909
3993702975
3044601550
216520239
3154151887
4889863037
90435051
874320356
96536580
96300219
3090322779
4826718929
2499476263
365399528
2806853685
2903728571
4768690419
256381062
491852152
1151630779
381916699
4830982834
4739194936
734074824
2975515068
1415484661
4844410840
4094925020
67331513
565630081
4838575534
4749011380
2767582443
3031552477
1030478750
37169687
4528001
4820720235
9830712
2590992241
61601698
261089315
20729912
386018944
359011421
4813044627
262527257
3462117264
285744884
3428115682
14925000
343197253
4787393025
51034426
4776136821
4782435003
3550468877
133518424
496121852
4765426881
4755834555
937995541
4760274807
278978972
2429460900
298227086
2984868700
15129672
4730524156
2349205819
4438905981
50390790
24529179
1417983727
574698619
490833749
345502667
22897762
4707727228
2282828366
499119780
4709741718
4157253083
20299504
614404920
379597149
1714243524
29426018
950422278
337040885
2999277033
41253883
560295739
389085645
4670595493
20252972
3296741964
19037525
4562543128
2000291
37204770
4648531633
100143635
14596361
491456496
326679113
1554784111
815459432
63955074
790999135
20950417
128196272
53429839
160995739
250653593
26910642
14960303
37545086
936028796
14294068
11068702
15225226
456734660
504920051
14473961
148384957
71538150
1275524010
18645617
15421451
8343142
29699214
16832123
18464274
44805247
108711826
372547382
52312054
25865735
218486840
1109251855
51204400
178682970
62421151
20138166
17547296
199082260
2275129676
321770169
403302662
420100653
34491043
1243025179
1687116019
15697478
113992143
191502803
34069462
310101392
7375662
3225397879
406471248
14055474
51957156
2804816465
24789172
304125283
25560843
30500021
15173820
22884755
14428218
30170206
419173750
17853306
1095624432
15821633
205212751
2672271388
377007041
1270991274
2592322174
3345058977
89509129
4015923141
202707938
2763711888
132503617
4344036376
806575
2330728602
98639831
16454953
208555148
3341735619
150363306
3409351758
22699834
857756222
221658618
4270089556
4202166065
14247866
309878833
2172262651
4103951
603013676
2544809148
3677142141
30507080
18267200
4114567791
9383472
1515786986
2783671497
3290065919
4192362215
1008133478
937390549
175153976
389577446
3736932253
3750632602
3400365411
3932744598
2897932710
4031091627
2884428555
317156497
4061036719
3873804269
569779015
3303043948
30460283
3958139823
284659251
614494477
3572288412
116301841
200488008
4051169419
226999057
3775220294
2274382471
2991064613
3040207902
2298464959
395722190
4045570222
3250033285
973799466
3408133821
71186242
325352114
3452016214
608363
3956214920
2993879333
2916048282
263858669
3353012493
259831125
15701562
3948576203
604091448
43233244
62622491
3903865813
180196062
19703520
3041890741
39754593
3931704094
2343670892
502530973
722421920
365712436
2918107586
3805280112
19893429
2222234311
697793
887644986
374702918
3757773016
3306584490
468879898
3224887616
3542027652
273073029
3830898657
3545654967
762918
20816638
3749365095
80659422
19168083
3662892440
2993955070
3347352989
18273521
2343339871
3739665795
3735819735
60888465
402436489
821779536
17042322
232842873
3622366217
19430233
3614683092
1134911449
3600254353
3558472761
93893676
876039872
3675240203
3664887617
17920635
2289618972
3658420155
2497522819
166989460
59184893
219288977
3651875956
2206780325
3610010609
2680091995
581200343
265248936
365867123
3192914072
2354821946
1425300361
470719763
3590430017
2402984293
2518865376
3356592619
2222243750
591360459
328067147
111491544
2685749994
28153375
14478831
596066695
3044695333
2151573372
25809104
180087772
300648261
3409838172
1884801000
87584074
3420550158
3505483997
3507977356
3239916164
3342074289
10471162
2463105878
85688085
3313992348
382846771
3484395628
2211343476
504763129
20543890
2856195576
528975266
88574375
1195066045
17743316
2771591481
55744812
126512937
3309473411
17933963
2324176243
129203694
133446405
3146138241
2413776275
2785311906
26644610
3313475010
392241172
3318076927
2864783801
127381566
3422935529
15923193
21864747
2162076542
3228780178
86742060
3098094669
71846303
17723839
18048303
525498820
1479193458
2539566081
3415425947
3414350122
3110672722
81316008
3306861684
2860720112
16432423
126422811
28265926
2264213717
3402968603
1608627156
2607059363
1321025460
3288882808
876339229
900269246
3304901149
1096594705
6504932
276548597
2556501206
1405525033
800759040
3301787186
15278027
310843140
93061617
3354618729
97399110
3079812851
241099854
1322861598
3300834258
185983487
5719942
190382812
169672802
752336502
481635885
179380814
128358057
494336262
203172332
2294809472
292675477
29106682
44046204
50795811
841139154
457259335
1618428734
21550183
188314874
48273426
1966749330
20597162
626002406
56143832
313307023
624036448
578695064
1092923707
36789423
29312261
16142024
14089964
48392492
913505550
3262002363
462535698
19683971
18688474
3231068568
3149655713
3290972882
254086946
28813371
496458710
204204897
1527250392
1450219591
3382383099
3386176895
2927068303
1490442512
2279437224
3298462029
626815053
3231684776
2536131756
2563592394
3280570490
2722207282
1188516204
418483950
3067874025
3231954613
38257866
2736361363
3275053333
216419791
37083941
3359875277
283176398
56527732
561420780
119130197
2822945395
3266557778
14126448
3253369695
3029891495
2281826023
2151262242
2955078807
3014615963
2481441980
3250947012
1289871606
266577139
3334016500
3219762648
57152359
94613972
262403243
38899819
3322622241
3243030697
3189324246
261594201
3238227968
2359028480
295469229
377710928
26909409
3235495488
1563031
373084526
1323219505
19550859
3094630327
20399581
242055907
151220460
3301135696
520459128
788067636
270353032
217922515
2300525041
18394483
2578208166
73258305
15343235
466121930
3222328019
2429679353
3013855080
14579415
111577170
3276668122
49079476
165596741
3254621907
38562659
71234136
3192625964
58048159
3191651185
2983543373
97051070
637356137
2688750895
3001859949
18721533
29033968
55633945
2346336678
2470052702
18578022
2673687558
3182289457
617802448
2247675062
607235997
15556614
178524495
3164488935
60682505
15308584
491601678
1401849055
2593821062
827508852
76910519
2781253178
3194616531
73501079
191478699
2967306854
861378374
2379436795
554331533
3091297241
3120748849
500345256
2659298774
3159613915
2488729796
3157884633
3100557982
44939314
3129103942
2242477914
221527005
161658790
125201437
3162239795
133008489
24639126
3164549379
3070179347
3137768218
155818405
2377575224
3135516633
60996421
316633630
22696238
3136171205
2763589106
516845171
389828756
29870498
34020317
624288532
1584615421
455862742
158623566
363607546
286556913
2390570988
30367413
3115880939
97598419
3114835653
3111405724
29090641
1125253363
35549322
566943832
325585850
178819942
742079149
1707910363
2606665242
3098458562
217540871
2616079214
2574861612
3087234986
14835806
2719411043
490532857
47467520
24918924
3090630604
474803735
2993888693
71973965
2486876166
268721209
31485284
1018872702
775977619
47496147
2255991732
22844212
302060753
38398156
3053245825
315722525
2783132178
3070111805
16525448
226062725
15976070
3036657622
6286792
3058846505
2762362677
3021758502
303344482
2867936539
28888897
2727768181
24850085
115087662
417937775
2332354730
2983338277
20283446
56190318
264111702
2841922380
19253687
134528972
125849222
9165412
93185406
15280074
3033791613
30778500
1396150490
186079325
3030917392
384947799
598922471
1145190163
187989913
87299680
2508101821
3010393395
137386894
2991402874
77635573
394602812
861551894
3017690549
226455750
357143494
1855969248
429478317
6146692
935851736
1851056064
236766792
452516748
381969768
90279473
624928019
90447873
482357013
14499219
27330006
493051612
27498874
279700968
383665748
26712163
180644226
16947371
73954688
24419570
328908327
1657940286
2914364774
29668341
46203871
111044254
185451867
307231842
383782328
92893355
2548611949
313752465
322343482
275026724
21868502
426059169
86492919
89908120
196058034
148417948
2865653272
2996283649
237915325
142651331
910091054
118994615
34294003
2723419661
204089830
416424255
2989425259
53436563
336285629
1593829597
2984393568
543818708
2707542269
229055905
2762221951
1364206236
10607522
424525840
2976801518
2873217989
22250329
351251734
2970321531
2945307508
2964400539
32560551
2602246310
2962392543
142684234
326064551
2923689403
2958667918
46538927
2374577850
346687498
1343718607
2862692394
183203923
201946314
1064959386
2932623329
18313086
2604383365
484426432
333734966
2631474759
2904836169
142059741
66542737
398308130
79564062
85592239
17077658
42458436
30992875
282040376
2818152423
2919216974
1244674742
86958635
566473746
2864542469
14270791
1129439617
751188380
2799497801
2904256772
1203716796
2717319895
2858478321
197723129
314657392
282052421
2557144698
289897717
1224999780
572750290
1205892776
2898036459
1255349839
988388839
2890459769
2910591996
546612412
14744287
934857013
2849202632
1714618153
26168260
2795007488
1429357735
34768035
544975086
2857699318
2179385342
227175614
2372276395
2882465938
1524607770
805675
131622429
882357114
118691718
38330451
2563764211
72509434
2852880425
1260881323
1264263908
29550256
2857825619
42427330
2858092558
2855914569
2811650033
18046928
2399933000
2727354126
26048838
14690680
2843737851
16903123
14719297
2875458720
52623
2274479820
95318489
16141146
176306031
7604752
242589210
15742583
10304172
369500509
2869137674
2862447950
2156128975
1242304663
2806216566
2809326321
57446644
39469351
297983734
62256186
16393759
45143
14586875
619202980
270426592
2214914448
16702460
151224839
29591273
549259424
5969482
32134561
330076106
309422346
1334942166
774856488
16179748
40605948
263947795
16186193
148914849
904309128
20674499
1092270169
50387405
1520248442
14197125
16169027
15235746
93738849
212713762
1529226180
133317825
1035886536
23539291
33916683
479767909
207842973
2201850163
194455551
124550489
41630507
2512691
20338891
89484719
16640085
14659106
89713190
14579454
2853808807
17476844
2784841063
29171835
77829521
19958710
17894397
25276195
2242765746
28281360
883612556
51316738
776410
20409070
1139309324
410004282
315151726
1282576128
81200697
2803645398
188804597
239064252
480735751
1069802168
305175156
40743
22940432
2245046695
2441798708
28950101
304486220
12196842
151070442
88261512
155893805
10021202
1725929425
9862372
414
29192422
182195931
5923602
14705616
70976011
606727563
19872718
590519645
1112751
101424163
177565966
14052191
118989676
475656338
2417939426
132223801
15527249
2316230816
45888395
90733370
4488
40373736
220940802
1972984656
89461755
28777531
55556092
19500267
2607004369
469155243
466973523
8199542
2800491664
17260817
1500005402
15911298
6508772
17852401
473624003
78966091
1727585126
290977500
17347849
2291590442
222222979
14528501
14706670
16881995
68853188
83703363
120168986
829280581
10998512
322173742
748382838
6633812
40684667
17056418
6192062
117475501
67141936
12966842
795244
628640816
14187969
17550959
207876424
35659100
2479182413
114265953
20678389
40813073
134174842
113088665
362612305
350482799
13162152
18344457
108160821
741121723
129545601
14103596
104945840
298586928
18151633
2834548394
15118916
37763
7318222
374257845
18895807
56281111
252001182
106162320
14404925
7044822
9317922
23331523
16974551
15357731
16896060
1193706962
566526741
7588892
87313927
15312867
2069
242818718
5792722
1257596826
1088077452
15487283
265814865
76377039
7045262
13418892
322866905
512562844
8670842
5278491
819797
49500491
158502210
15374401
19847001
261988651
28846479
16533244
40418354
65247348
1182521
150863291
7610482
207536489
18262382
90670105
101278333
120999851
212595152
223726549
23701884
14340520
52099534
6829652
103888488
266276436
74269096
15909584
50463080
25390304
89795091
27756540
15588123
130566401
2577
19829061
14734691
2823254389
2805842053
92106577
2757964933
19570287
168719358
2503342254
60061639
366827206
265567658
82779180
1118445092
29820543
202026215
67917472
2610348608
2183395676
21711444
2602140696
2603948408
2211494879
944222826
25350627
403012556
2660595600
17739395
429335706
86172036
820940430
18191908
2533100070
2367864842
772425440
82738101
2154460766
39254387
373355908
300668362
18761234
8350472
21282336
65158971
21211349
1478343127
434470621
21437834
2241205304
20942290
75447943
963285704
42021161
273330968
377733022
1328449693
502614415
30781427
27019481
16426375
315926167
14847703
65393840
1950251052
61908164
1632714721
19348128
410177083
761520
19237410
474293094
27951113
955066878
556739743
33825384
274117970
700475132
620470230
29116342
13227472
2167633220
15390513
67148999
10441552
74899434
14079256
882024306
19844505
2536187990
202473777
336809806
406446358
24795242
44286823
59098448
1880854416
23402552
127762507
164791080
10002132
289497904
159258981
499849515
435332279
137581435
18005339
196679318
815977999
2284075225
232609633
23163163
231991220
27818282
23416962
14176037
20989168
154810624
2540383603
22389129
16468189
32945715
37567455
255678271
985082378
48187800
21494241
1820021
2358139648
90168571
558489512
15389182
1675283178
1436686274
122191017
243331723
2548457659
16538488
2259442978
575578040
367439449
90303879
156125824
942078913
2350849838
40301836
1081203260
143203855
2250039326
125696029
64484398
29399739
13645402
329642965
86980104
447777735
436903396
127099921
84171463
18742611
164235557
450379188
152759570
446577147
524631410
1638141098
38939621
458489497
8498062
15421382
14291855
190337338
1130323735
934782302
772402130
414929340
436979531
80831081
857158003
23675926
148094078
874366080
369895920
23711451
54042399
15847053
153830585
1351279298
1683832124
18703239
15838584
1288815246
445759900
2447324678
22378615
137691314
10105932
420039296
17944314
8723242
10776422
14098497
20202544
190348860
118147450
34943993
562470939
1046290380
546056890
615622346
188847017
2278494919
21691534
