id,screenName,dataCriacao,numeroLikes
1018905809915404289
1035249431459848193
338433470
608605508
918465693196091392
1036680231388622848
18030810
435551547
981266222229704708
1035862743935475712
285232599
754962950
3125411291
1024602029585584130
1024601425278640128
3664519766
89897789
22857765
1619739961
3442169716
1034429512853807105
957640848208007173
1037222809
193181547
340285249
16728204
152345354
1480476398
98890696
4766077220
796113502498942976
15556360
683063
204001888
815617893270482944
1030499717589819392
2920157353
1009432105875660803
970036331756781568
19879145
1708390531
997396374952923136
1028970562067021830
204073116
1105884494
1014674878006550528
1028295224135626754
1568959224
1016140455669587968
3108689221
1027540869380014080
1015353379420360706
5950332
1027109143239225346
841131570752835584
1026854400902365184
1026713921896497152
858695454367854592
1026674010871017473
2724190619
980070543155171328
627249877
4781232910
1025181902238445568
249235564
22270408
1024627807010189312
1024388026628227073
58932137
706045327032381440
893594927938109440
2548979532
175522472
40267397
1023410370818531328
1022895459881426944
1022630647763009538
1016112840116142080
19371083
47356534
1011735737530757120
1687640497
2828411775
3367505819
836102877365989376
367376722
982251572078903296
216749389
133491839
620609092
875735218967109633
2738349003
422282623
1020437682265174017
1011988913144115201
745585742009798660
50068576
2193332877
785988003973902338
1019698075064045569
1017887412536700928
973384031042600961
807852045357060096
1005991546494341120
438207990
470581018
708906110741143553
886057149075529728
603397495
911446597854224384
3919994174
949987414797377536
2484056203
782705752821628929
37450801
7347932
2875721651
1013911063006457864
2274036410
141092646
1009936909861351424
1005940379747790848
1284638832
457882654
987324930139328512
949497471742480385
720060550491848704
863528570483728384
1523712336
629796863
746134461771808768
918275310209998848
1063714975
3299600938
261070959
799639734100361221
2830677059
826252429213708290
3501101714
889302404176523264
2968817068
1008516551929225223
1008339409047973888
900374205870391298
2784843827
826926849666195460
1001485244971847682
2996192469
72176497
332494116
700523613896617984
1528046636
2804791951
117083970
22506940
1370958786
150311106
930896124323524610
775947261528248320
3214566276
1005687350800846848
952662920483299330
1003718396142288897
1004300767971430400
2530523360
2264975972
19224919
996400925186101248
971887379966394368
1352798162
839488984216666112
704125127135358977
978381667265142786
46133771
16877127
2960783727
2598664478
1863721128
891901560
988523524833792000
1280288760
875944685256290304
999992637271633921
325546058
979739213884248064
820711068448145408
760818764464136196
17007133
751233959544008704
2453454337
97826607
911144055043760128
774853389465202688
3196357804
28647086
270227275
968867708
990727820178575360
996400821477695488
454369432
1379779818
22801168
33322457
4207700944
875071670305775616
2740707708
990783414939930625
3000740268
2678089868
921442253373104130
3178249059
2506504338
787644945809207296
775666246742265857
883869984593559554
3246764302
2911150429
784423147516858368
990755802913869826
987706813226373121
2411433529
3226916153
1702258248
3131641762
186687626
809169827499745284
2986586067
987866575184322561
780478332890734597
945025096921395200
150848005
14695460
930169925074788352
2843198055
329236748
1718321328
976605732547244032
2904433019
236688828
2782298831
1649057690
985540082131062791
3220916635
214006793
964916557804724226
55419028
819301366065676289
3823351576
152013773
907354776
56253352
394116937
2722725572
441086735
25490861
1889012652
703870100957302785
380487493
1481108636
984673332409786369
4320182668
787629598003630080
790265080705261568
858115461422166017
196391137
3322953807
596512045
2435136757
877931567376723969
851531423395717120
983969691650621440
984118625798848512
4876736390
345092158
9922272
520087516
28599104
709912213490941955
959937061427056642
2786205764
980264037480099840
365102177
976899072895389696
30775725
979237588924956672
977753426518990848
775923585693069313
791443606879952897
973663444183502849
889950197622595584
512335118
147922706
192727017
881536530057220098
1575333409
165477080
18487874
2326054704
3102672123
4076297296
936283258345496576
15268077
930901947615395840
2244581395
3971979673
896544982114414593
14066472
819665102412644357
2882108053
962970877
2621110917
619131154
896022199
1241906798
216899556
3107749095
808332906691055617
1682068441
759154496857477120
131355480
811225102285213696
257726982
742724758173810688
939545137
1839560971
4227026956
964200909239599104
701437307522564099
1438719583
959842617339990016
3675746116
916318633772462080
933797863267684352
774112298294059008
33975931
3257608149
3863037976
218127993
14082108
729574102328029185
16983234
3264698932
92031899
723426194960486402
941570509862404096
4920902447
816288572
560583896
4043226135
601449312
28607471
2864288951
764898467214946304
3728499133
890519900648878080
860693633779077121
1077418771
1602333632
765694
952885609013661697
100252036
270842662
3374238611
815349130264313856
721906574525079552
3313500421
19223413
795560874064777216
2566224427
706949360911777792
941880433675030528
870098362321784832
893428159013695489
948309017968988162
54809376
566760662
257200164
730181325320261632
1879922564
158068969
20480095
134576119
352486685
892111907607506947
49335000
149639032
888157090279063552
1016636281
2178812670
258443739
15453735
1235594431
47420712
927249734322085891
62883779
16299045
213533439
19135819
765196926807531523
1709582838
416271650
22437518
23355693
3281050094
3394831341
939760694475534337
4862666732
916385984392163328
948770354
871453234635956224
92683888
4828441500
133227089
5346742
1607488700
2986687795
23827313
942540799547445250
3107752459
4737004874
823685076
254583109
3017781532
722220305108873216
827391166286962688
7210512
44949890
389878002
938230540972560384
4894510601
803059660278419456
4513632785
222992123
1014452264
712817399788011520
383338151
884841206097879040
6039412
928489105230458881
339792122
321947648
71292052
2221661900
709002908210225152
912091773211725824
4588300231
3818138679
373661742
1684571772
21806526
1635997908
913547878227779584
795381790294671360
911752221099823104
420867646
785669567045636096
1021726238
2649612955
183456716
911079259891838976
2234062772
799125529
778916390623322112
928029168859828224
2975317012
2883645393
2752867240
2255010622
621673096
149663818
325966095
2980480960
707714748066832385
2277991680
2401329576
1619896334
904523989107789824
851808839615885312
1699461608
2896503617
717012765332926464
1421171484
841339942731165697
2511485316
1096820300
787299451681386496
274454407
17165431
43757915
761920041264742400
2477212789
1654163522
803660942638714881
822535228556185600
14465603
3420505760
16083797
915265262529761280
319328068
285734418
33632940
3226856229
745100955599790080
1201460989
3241009089
2855787601
2914177566
2612967438
1408817665
717837682710196225
3166938430
841137336951881728
131012991
421400787
623345446
134479275
4506940396
4196725579
883343797291290625
863625192970403842
196639798
818426909117714432
2353638838
2459792222
798517948876988416
2419132746
3300667196
2434668079
40472991
2694286490
862355525274673152
374439392
2200668619
801229997193105408
3057543687
86751375
4837849453
221350509
4048922535
15755614
117628040
81255321
2684898460
175232452
20213606
852215192041730048
703311270
900519507319336960
840417931024523265
4427457401
517960352
2236231049
19993085
751074543066832896
2173353349
1342962667
293363658
801447745332670464
887889978960773120
22723858
462193354
48318325
333850341
14860992
54371079
261568720
16668476
716013
30467504
1520042425
16950408
1143306289
821536423555649536
11447852
1431169386
52326079
796735771608760321
104373659
2182813532
3291496480
961836841
88589396
865002190175313923
755589272246169600
4252675392
707320947
744300545066799104
870100656262172672
1477169796
23538571
37628624
826971065725358081
827224349614755843
1484609233
366576016
879958746029600769
117595589
48475231
2495741096
2291137092
341747705
3809375053
44296837
823511262797660160
2852475727
3308399431
1956856105
1311905706
411788155
872921287139749890
453520158
816069006687924225
135343589
65181285
28370859
777657972272967680
1466047494
3300740623
1881652562
55312926
312877280
160424246
863364063316893696
3296829681
1661182891
1177497637
44666239
72518099
879775950535364608
10150752
875122904735862785
739777536
848286772274528258
714923379300675584
2157926390
762063052988612608
849434884871520257
1658984934
843130863533674498
4586167756
1640282569
745483895852793856
15400319
2994936119
2198358416
1693723338
831939483159429120
875707836218712064
4024033228
2759760387
23723420
288586382
189387914
709470406302961664
737739203652517888
792787343434457088
28394923
699857879575064576
19220572
716791257742245888
813686984946360320
588906254
1228651902
1228148502
855767679738761216
2166202109
434382144
116802417
15878236
499617752
361919033
870182024732176384
716489299
4530541359
950378359
2853841761
122242785
62580447
2243637581
731663529951043584
868164317774000129
77839312
3044617551
845333290416586752
2968476447
2158168407
20464213
16557729
864160927171698688
790578365241503744
332008748
2508011941
812693320359178240
285149516
2170739538
1968382988
164324898
315287707
223382696
15673469
853804630605795329
34934618
16245899
839184661012172800
29044437
855356186589368320
39051378
1054637082
856298708622864384
840428018380226561
163081215
164771273
163029471
841001467410497536
3959982373
766006285250727936
746869826426118144
14640357
2797055203
772197063236943874
713096478315712512
3600498984
17845033
421995602
2319232573
95467768
356412432
3381149074
36859491
3727383920
1506856224
788899540589944832
1351539127
2342766426
787392321998295040
222310463
326891756
4603293993
3568747523
1634056825
719288405587292165
3080063506
108552921
976063483
995539207
160806543
3112398680
809040612716646400
762419931535204353
45204466
173818842
783311006323896320
14519155
1303070052
24529137
837751296958599168
834517985662492674
281514209
3070667289
2699893249
231026607
806638541845299200
3266765720
838111886
829299199153938433
243414375
221985263
397494703
750160869288448000
1380323935
2205592676
824634498578944002
122695884
2530425380
1096454347
830323225569550336
332496892
97814451
488995472
719319498
15037923
457034557
30805707
827534875225944064
201737171
1083194630
1651266506
3187494904
128810344
420372949
3346326345
746464974344716288
800752826343272449
825399945486278656
1697519570
825056430105440261
4918604499
360797585
869863808
38467610
1020690678
781682579447701504
820822857009729537
791122181900103680
1077549540
2989239486
2255005772
4928380966
705785193190334465
2898530315
123432515
806839232820027393
3634
805224470881464322
2194664588
2157676303
761954438240100353
633540167
2553629599
181631069
467257037
551431585
14191640
14428306
222324697
18783350
146876102
3400370801
3303418373
813820258083622912
704813805583339520
241661083
796809357514207233
750417570583502849
3277740330
790627
3131678813
9358102
19780393
21852590
1888802869
3183359144
789823275828408320
1867574989
803510696889688064
3190290739
317311136
53710006
121679850
2296859113
454396494
21820030
15591579
272433530
15965504
89833232
3665888127
108425039
61259234
1465826197
30050410
1556695964
140283699
800767716122509313
3168046062
382308227
1545902232
4901871047
440181049
2288363498
799549602047397888
2198815580
347339057
794761746745438214
1547381000
2520258467
15339875
335101234
3300017024
736511258606718976
515529131
769227391868821504
301424522
794421776490983424
19269552
4311671841
160321730
3973570727
767050410507046912
788415110578597888
36170538
2420436611
1202600058
2269382157
3568524262
3194634170
84610345
22859500
129895355
380663488
362727438
124399270
217532087
4350789916
717132829478559745
788951988595781632
1739347590
1670573636
3078743142
1306657052
2372861203
3048166250
22242593
3175606574
2217104837
63236965
775421468356308992
21727169
4635084035
216442854
226084545
506554712
2818522202
2860988889
2717510173
724752476570677248
3067107608
763241582808014848
776044939297689600
1819041
2833233198
132747287
3699937572
702146586575511552
4464703456
2441577078
2909408605
727366096236503043
39817442
3335361
752203014799319041
3103757893
2825266723
1065919945
27812313
216311666
766894049454280704
954983606
301718819
772755983525376000
1213650420
23085248
2966562663
768669465156255744
2165729250
4904547543
18114111
705643198392066048
21964739
4912203173
767125540855840768
761021444553707522
1016107866
161379164
1130077320
250535415
764801263133270016
131402808
4626716893
3160080300
286803271
762757904617254912
450656414
715477182106079232
719719128483794947
541996740
46505717
1906398344
276795763
723742144645718016
760916710597681152
3130989862
760586545082478592
706393659244154880
2935295111
755978838346117120
573439977
88797824
3846598576
4912246174
333634896
3233849254
15489617
758944864771813376
358320224
1586275136
4875585793
2253849661
2644804260
694932682279616512
2988945636
322344572
155644011
2598184765
337746026
9956222
16292749
177676161
7164342
4150453354
2963465981
20522242
751146240423886848
4703933526
2501062407
625588021
4646329781
723808301117394945
2390747401
718542900032839680
16910310
23444198
19352900
572100717
3308496921
14300872
103312883
607434481
2891043930
225507954
32244756
747197963903074304
57733588
746033653390643200
744852584435847169
527273783
2946726411
396208408
3782135653
739660401713905664
3298825532
4056057435
3427872381
1213794426
3112866017
17889376
25933388
450135233
743124884423774208
3165303323
23812677
2154178640
300459080
18166894
742073823596417026
3395880263
251533070
2862836555
723705671892369409
2493309463
2866710382
2908673034
3245240361
3603624916
991099668
734104731845545985
932721103
1069289570
361011835
376407024
709968372
1366642182
591880754
238895407
3316350561
770470850
3714337034
731663752626614272
730079624739303424
38508721
514654692
3015171429
730585320488505346
34856719
438815435
33493
45248228
458173
411419128
274951073
3408666496
629105735
552221026
2935133728
4823958553
726738310421319680
3345090911
4526738356
716046561311068161
15103594
85430834
34314592
721316530831630336
349588465
4705631230
724041937901228033
24461564
4794847513
722576517520297985
722302728819634176
722208333088821248
219585568
360015262
3425071529
3594365418
4467143593
22361383
30398689
946332626
2759636167
696586865684652033
563107783
18416164
36227851
1286422922
2231849485
2172427261
32995025
14950206
1656891
4861633244
891142056
2383665400
3303987224
954496915
288484890
2433532224
715262443417575424
708233017639215104
715014540191264770
4854107007
2310755874
3892161801
3162146653
2259565158
401081672
3277683499
380243720
457968845
14988683
4291710793
711249720199548928
355958960
708319215875465216
2592929881
495119182
57694211
106498201
1348681507
2996167971
705853568792858624
247551477
707703456471973888
382261096
111905682
396894298
38722054
906782468
16026835
15097552
76759919
15861244
238045696
702630234583990276
195871776
20634108
3313276221
280726820
2903055436
700673193648869376
6812182
2729363416
2725573065
1914547656
875081886
35369324
4915199301
3252166052
15076019
1646645090
70646809
217266358
3116805350
141398335
331549109
2866622824
376309845
400965715
100719363
4829603284
24550580
2818501620
98500871
223650957
401076627
25078072
4822189653
276843592
552402730
1012637154
1471832484
1595972108
2444789606
2486500993
1028683668
4760274807
2875996846
4668999002
2425087690
626525441
196850633
445767692
3239724471
81150846
544321302
4537478500
3249628351
14165504
401570726
2865782315
4159092318
2418807193
10708822
4194643017
488056967
230854884
2407838582
2786602287
3184660040
247291967
53862061
1066018309
3288718372
15534736
106184946
554332042
185401339
2845266481
4231914322
1254949322
542771439
196619266
188164893
24274605
2853063781
4206222614
287166044
2897932710
3165164841
3368354410
3322148797
4105837812
4068300983
376694079
3312120155
846459902
40242264
5992972
2981382622
3935248292
3937850172
3983468313
585248597
206789810
399641099
497554534
3456378262
21789605
2858172157
3314558214
3070286093
138020403
3817845574
1601549600
272907532
3035122390
2628161966
14360985
152772108
3347352989
755752166
458002326
178772405
2292915733
3610875449
1919247530
290534403
2494301575
2370734982
1909122066
3224888393
7422622
1022528935
2546327850
269927280
583114832
3085089276
2551029480
3666744917
3518313794
165299187
753750000
2994021116
192071331
2840407191
3398603627
2650818427
22751551
22198261
95956040
1969876118
3312707665
2548713960
329228725
1276100581
1149400633
243977499
1044445388
1883817698
3339199998
12819
1973277410
15356571
398294306
863657622
128302176
455216369
3438278735
22414713
2891323623
860112924
321569826
216790261
3328055912
55164549
167126958
782139158
2925827213
2538192001
2230652760
239208093
2874444947
560223378
1556522810
1412872788
863844014
2960074915
2740547834
101702322
67119607
45768429
3317435196
341015337
808608
3425838388
140247746
14139421
41694133
86742060
574647893
1849337534
1268115474
2855862786
3342074289
2874287543
25360410
165492211
3253394146
364813421
1597018386
3342600363
19366809
20141368
20674165
18688474
174037863
3207571275
1957699357
3386486711
15721338
907394857
2831409719
2370252976
9588502
2234800129
66499221
5955022
20431470
873273714
23668270
2802566473
3257472883
296761517
189948728
18085545
128873058
1186952756
48204500
2375869894
795951552
1463099576
2150907093
96608798
1208871751
502530973
291933437
94379970
106922726
634563
3086450179
3256151491
3362610365
456924361
222815183
1620795618
260512381
2300678190
372738747
54274901
998341891
2866736957
551551083
983181864
1169676734
565572586
414930937
21174691
192705662
821019109
919289107
63547868
3139770144
954571988
2841825128
262599537
155243218
3335149985
339182897
34122313
403375068
718158240
197015113
227445823
2874606669
86112870
613966133
205601603
52955493
3169333346
527789194
3079582161
33431181
167226155
379627749
90732403
239006368
500234360
795155281
43197611
2784882721
256444106
48668397
3254305814
14251093
3233550372
1195534086
33550802
91036268
18463651
3319491749
1581959023
2877047394
2878468834
2328634011
1888033082
19101001
2584093437
40303645
1223132984
2668577410
65717741
173384540
264716370
37059698
31541229
6235172
521795988
3336024753
1144409528
1467328556
581537439
504425641
3325272058
17373739
791026
3315054820
62804735
138650676
158961859
127522100
3300922007
83156671
13363032
385035805
15380638
139568724
2845301
34995794
15756787
414097863
3128081627
129324240
891404432
15953894
401752428
3311096355
2892724504
17275861
731345749
234733379
453986560
3231989077
51511207
1085601937
2577075584
1643458370
3062495643
2853662023
71911588
349114792
469839045
993088009
178502404
1242107676
2909651711
165596741
43668708
7841792
2565468347
1824643381
334820838
267385822
14143008
290136422
21007151
6158052
395781472
90168571
3122884833
75696557
3063320851
8398942
1320502212
1039975956
559650644
938410220
513339061
474290259
2793669799
100334833
3189088765
969291834
151064252
18870324
459919838
309363742
3235013327
570490070
2273695009
2815383890
635427725
91406834
115466372
16598848
3182033173
5885192
53589546
919265491
2834549469
137716529
313046429
2276539474
1364611718
2540243143
303767255
1668215479
3158007650
3173630031
1927213394
14142647
260195234
1358824632
1472864628
9749402
2659531110
3185148773
3184759329
466953174
95054294
131266378
3176761733
3157884633
164945260
2686666298
2189256848
2582729922
948960302
368538362
139479445
3169402491
3151864884
2320243561
3103196715
21946093
18622894
330012260
2311776919
50776182
328437968
2982744262
2936596043
572035780
104726797
42214901
224413149
85586846
2296891836
299188947
3143064900
197166886
352915631
2470096326
30074066
3140771786
1271999376
1074414900
3035252017
970987482
3098178269
62740509
979475252
24818543
30434727
56269617
1620511429
516503043
555034512
534981494
2923747906
219497694
231255118
570951745
14579415
28812995
557197355
402261649
475877881
2882979772
58606654
7493452
854299500
86796818
586915848
3094950416
465397086
332892159
43830278
24032701
3080808384
259965415
775977619
2159351463
20949696
3027387175
278723402
296970711
387359455
1884801000
87320799
212737156
17308433
1070341344
46214168
223993391
512636489
3051055994
2819714140
267874964
1616090750
2202291643
121947701
2260812588
2260387969
1223340002
968987328
20079144
298447450
1451752556
2233810856
113487496
733392272
52956412
148359907
2266735465
3025816144
14816237
5044911
47179791
47629259
3038414256
214871682
25623140
553185439
913618734
17703717
1648351
18496297
3039976219
2510832406
14867044
2981602215
229072008
3036837650
104466144
18114715
259465035
1523194008
460326327
2901700590
2845795951
3025979944
251479088
2926107060
1179411182
119455946
2293899341
254150078
29995685
238581243
23704116
467626084
436929933
2366317770
124548700
215927102
309905211
3020393171
7483862
3004545682
1900827422
329384109
1388141670
586100918
102036931
17799702
1494797594
3006293932
996526292
2972739156
3253711
1689466933
397614793
1537309262
277726016
15949714
3006598643
232433640
16131970
1594609098
1436354616
14642416
6428392
271782167
570550038
142869640
85169979
460113348
21798386
2806636589
19347306
67537035
37217725
2730038272
252644403
311746694
475397060
2791914214
219570473
142913840
2961667538
108562174
666343
435386199
38973129
37108079
249122946
2169602036
1087021922
2972096967
2964641878
2294152460
141716372
260560023
2796841431
1253620178
79953252
958231
17120954
18217850
8800052
250797201
2976289746
200592589
700079644
59302880
2972025851
243552230
2842061452
295999334
1655612629
2926796794
2916930824
12139862
847663146
18661697
713001704
2958707771
2957846397
352710609
282975117
130442730
25148448
327588343
2282712038
16423789
604985129
636087863
2944145691
505797416
21031864
761395562
2932898350
901431830
361708063
2932623329
2881988399
140830103
2844734320
2903527840
2891281727
256105226
2929550535
54955079
1049705160
963559962
2928399689
165799060
927189151
2298339817
2923096523
242078217
677713
28532753
2571664909
2865812463
14192239
2860124897
18733741
169418950
320814247
270077459
2552128412
619871459
24776024
2412610214
2908576215
405889820
78669728
742713
2311421946
317103727
367454023
2262843564
365011697
1463032874
875969762
2859067516
2896664253
2912842746
2912646163
1613187876
9601142
2892521584
1653674743
2891501535
148640245
68774823
2830325681
151455036
2851451006
14340888
358564789
37836873
2811554824
7877302
2443246168
2409604746
366951242
10766
2235810861
1524607770
1343521758
26595556
40979474
2901945853
339587508
2830311015
64445808
21581607
940900543
54642122
43837853
135965438
15680924
18750502
1343473562
2852130978
2844669094
882357114
20944719
236210718
34183177
898057556
2252950177
2156214565
2312852657
312636321
51653814
23091294
217943344
184844440
17799424
2865650806
99170720
1599686239
17862387
22834502
41182197
90539206
2894019816
2449746824
2510207490
470446061
424926510
289802722
2331445019
920595662
19541633
221942560
74740583
1338741145
196003713
2534342832
2861204655
563899409
26689483
610131438
1353276998
1050351583
2869951147
18523242
357911830
26388360
16688374
121248327
2879244739
6571622
507125429
21907899
2335914398
14835214
2674276602
2863047655
2198487701
30500021
7828012
387047810
278193820
2586301507
90109585
2862052656
19931437
1590063962
627012752
1568160860
48821554
1386271356
240305861
23989578
40507673
2841896587
239763792
371898341
218173254
425901928
28867251
16305471
9736472
2828684632
231480581
160124176
111954243
2395281894
2753194284
2748402612
198596667
18323917
131415805
1310443471
163792579
2850701209
507036582
3267531
36783622
1521524666
1793585144
19808555
18344457
233674347
588071720
844429020
485060370
2376139152
1243631
82312919
18725073
1577524086
213046816
2567751483
7612622
15070230
596013340
2835971360
259871069
74903787
175014497
166444929
251817152
703499089
1226411851
142930051
137781520
184048534
1372627177
270554409
286749573
42798762
22402488
515072244
2788948888
235450459
458108835
530059530
2757137548
2431279363
22871737
61144740
282171463
2785028452
18276027
2831233904
2453796249
362724687
2639759792
876445987
19070772
1166216474
260224171
14866817
23095305
21235985
496122862
301904149
1901744473
34406145
5016491
2202030422
943250233
401878902
1526291713
2245202678
16515274
14559929
855599821
1184664787
20866719
29031269
154919925
771939626
73037797
128924457
14441573
24382485
701613925
280790774
18621762
23056038
44928105
25589014
47568711
233940115
2774280863
255970386
395318862
2819957041
516870904
44534702
1484341
13802642
151037059
1946610198
1655405592
175445582
310627377
238808495
28961780
380376309
225575105
319930213
434330141
195312640
14440623
105886877
5670622
1618967353
2408140087
1566498133
911645924
2788378092
2380312536
975741018
15922334
628064681
317530612
359243305
261162613
2801424264
143537671
2594931287
2798864540
127087582
503586128
548968532
2295846624
2717253652
123401868
381389322
153004816
1540099626
22724643
2786352540
818231107
2427603026
476702714
2784122929
2752334524
2782945999
582728005
2501602345
395477244
2504014352
2558670611
13191442
829851709
602873490
344489001
2500052197
95233024
109032196
1464964423
1050749700
164038356
115651504
920078407
35471850
106611045
782143082
1464306714
440934493
17133005
114468801
49555853
1919305908
23025401
53588405
114469151
40633212
59436188
2258633961
2565449497
43932108
109266036
478458166
2741369210
765130015
52824182
19987905
782827633
30956718
53277419
481677173
302705656
52027884
1812091
20287770
536033026
979250118
1220350753
2724013034
1195085880
19422129
2720741752
587471567
12257632
29254974
239498133
249415371
2735001951
880721827
59697006
157515183
2160992562
214768323
94468215
314296692
215596452
2710025749
2203548656
19672258
14432668
274944090
69622155
774498727
8532762
827276472
8731302
54739218
2643251568
823483494
11458102
15982652
116945187
118793984
2729681913
14195434
2537554129
2369837347
830653020
50774845
1081448113
5790402
1112500536
404122089
1893741943
187945999
2409762780
70124891
7713702
220406718
91480836
87423227
612281196
1512353802
722430092
198171238
126732954
19980856
182458289
118879642
2723399405
20639982
880252855
349802411
2666908592
14497021
150503949
188051754
2479777868
171822025
24502463
1157468226
478008286
157988372
1897054406
8545602
24012751
19760605
21551439
213083605
2646107552
1533777176
17545825
2707208357
283079520
14175129
16480849
47240255
16007812
27555164
282095306
15977268
231527763
100827532
267404941
90545097
14424685
15105596
2578856251
804782510
2616736448
2629451
74661680
200238912
2536272469
493268078
284854734
461293020
269847035
84650947
28639777
98384864
457659305
211555435
33812686
19952935
1016944860
200530975
146471320
45674330
197634215
34495652
18014227
584279580
45084605
8036542
430992540
297135672
147771570
233646642
97663658
510957175
1164603865
135466634
18355634
388458418
105665404
21738303
21576088
3334721
295781057
14935374
25199339
37966291
728305914
203215396
904997748
1628299862
1287310357
138157047
150624778
241109233
170017683
1620181938
126770356
14639793
239841514
389009010
2524538743
840931368
20340632
96177240
41663041
18196903
963185166
248278550
61280136
16144331
499630864
2471488130
20386261
115683738
18296492
6432442
139468616
253753055
17051261
18191867
108956339
318905243
126971142
40132642
154615499
59724105
125159561
131817403
292943986
14673821
467202164
2207535348
73067365
16822852
1084303950
34011506
24475261
119526239
41901381
237684586
347522411
18717171
17450053
2633397779
69192419
99181353
28309601
249477707
249387473
1153117388
2321563501
45642097
31183417
313015296
2519879559
73399573
1149209228
166372591
63641458
303872850
71427787
14432563
436650712
36590054
6947492
15021623
36835496
289302863
18421951
80680032
21890858
1343356543
44151053
2583284279
53529974
20293958
74928360
16000334
60116253
75834118
167496398
40259313
26282991
43812074
632290880
18473067
38026142
92802036
1146030936
49499509
11816852
67206545
140622818
28942494
25735111
49144790
1297405230
102846592
425580803
133874476
1509622267
23729298
51788543
485474730
112924536
15614912
395230677
156304630
9628632
116740427
281304935
557887652
16438985
420325458
2543536670
58774884
39405446
1173227604
56376872
15602844
74285242
23547602
24569959
1531682101
8295012
1549698445
2526171294
2194473313
2559770758
11049052
1155037412
37945074
2230366609
14161749
31348771
87023540
1654355186
65964321
2239882993
9128202
28166336
325621313
475012675
192063486
149379325
1434282979
103089320
1939217575
16340714
11849642
67187935
121680161
17553777
19769734
123015918
154019508
45888030
14938562
28675902
2424388664
22547860
715945519
15198793
30103204
18959614
18994011
7178192
24943252
172899625
497173402
15059509
228605342
43214757
47534720
1198164222
18549180
8708152
450700194
1466586211
138556570
197071472
126432626
1284184160
475184329
95268670
20112257
1924164000
6842562
2560525783
1534225962
64537268
2498892108
13179852
251853958
380261125
70280024
2613395159
15368948
14097765
2520524372
2347952088
2593262537
434716147
170647655
102713041
39565045
21149830
19714864
23408486
82875472
328532687
115908095
1314796003
104652664
131988249
19168083
13973902
8504332
2578884819
2574833373
15819380
14103622
2552981913
2612242066
2400300133
10295382
65575290
13275552
2610724804
2384685199
852224047
244781713
271590242
2440926294
1471121
15879581
360185876
1315460148
2275923386
18605702
17493309
115532546
2511109225
179562303
223598289
347889980
5874682
168565471
117443260
2524754751
430870701
890911
23651668
271675797
16994336
2332086242
1219578788
7689882
363905547
23504343
19483724
954870451
89405654
19267296
31485284
6019272
7246122
20176810
148819089
439399575
20013841
547096356
150699466
15261006
15073617
2279634878
23642172
449082043
3050821
15712602
23734368
8505362
259768608
17547870
53055117
38206480
42605847
2427437008
505310389
23563277
273996204
189979719
146316125
2545153555
2530247858
2300616732
40371164
16712753
255574218
19908122
61886930
169026037
25396370
243971165
13743
2455512870
21652886
26236774
14288607
26148285
15829680
53100278
17808013
2462867917
18279559
17211859
73273573
62532776
130398491
421314136
17698094
2323791517
24588413
287400458
10238792
909901
44419549
542204724
48899799
760806
14505121
14179947
135941083
2254349262
49445405
4218391
224006563
116082295
16902782
115261235
1526085529
387275475
44226774
15140423
159710402
16796836
14728515
111437641
19170263
14715768
14973296
210047365
411236610
23017086
16615362
17156782
19943349
49785761
31042337
13387
92184482
322530863
1796541
103867707
15552715
145925314
1564462296
23033127
114118063
72733734
29027421
1129619839
1109885700
16717553
20529368
277134354
19741478
15760703
469729319
263778410
15019754
18651529
822702324
41661202
714314748
942492894
30535517
19881707
160210199
188258395
731287507
37168807
331218394
14854679
1016230254
14263485
3941021
81206695
104246075
42656619
81018789
279629687
2538544052
28368848
338038352
43147138
5518212
384971138
185015539
2358103052
705131576
1426597400
14662216
2416551211
23967395
60183
27348061
16430698
618723
112042148
1755171
750417013
519242226
2395844641
29373361
217728813
5274781
342380260
221148071
599086846
14652833
1241585245
1592491
2255273761
68033
6124282
224006311
575003714
14371387
213080850
16343430
270416995
1070438880
7868852
36661720
1578520968
15772885
15988844
18103360
16455534
217948983
2216791622
43712484
309501165
14796298
5110861
29026523
20007477
275552520
59969976
14669101
245864037
10395512
30202123
75331467
26722265
14781441
17329819
581246575
17708954
2436841578
14833420
14543734
991068782
1154011
1209687121
13999742
14402753
390849931
56321554
16183560
2353904515
1864740996
20290224
101944133
462236111
276997457
76195663
13333852
164413006
11466
19320278
14105008
121253325
1282094702
2472770040
1280722560
262905402
365956642
17529824
8712052
2455257745
22987849
162072198
15727367
52547093
62041221
276135927
15378675
259203691
112037009
17427844
882
747663
13320812
15402221
7610002
14411002
42317446
38345237
19120870
8882
15781858
113117127
13968092
555314283
265744938
6048172
156791377
136875223
14244138
16160283
29462205
431001051
27901826
1938133430
15887536
861381332
21690585
16082903
245200206
15882231
18401668
33499767
22924106
16622463
952909334
14671472
155350514
2891121
56803229
16003315
134841050
6713172
25753338
363322648
1108378657
18388421
11515582
18566656
1564611582
17142955
35829460
2431118359
1202457589
89140305
16056812
284193680
312426579
2181322453
14211141
1265903784
21704370
46982924
363222751
2381282954
54844140
14511773
1973854526
516027621
1717238815
2542490443
465017994
629802712
480735751
121711397
763916138
1418658648
6825762
55027003
183749601
1325266940
770899970
2369789035
928557703
833675714
236091928
16926816
164254291
6121172
315634992
15439947
181643262
215212556
641903
2365440979
2253320572
548680356
163156558
100460622
2383413829
1879981938
254721836
789301627
2371360345
18005152
1352490950
11603662
2368583473
15515663
701383639
15350631
390299239
50197363
2181927344
634874853
18320369
159335232
376071374
33287218
2371760124
521481969
261421754
20244492
17844413
47671612
19046814
21942013
300912445
105716314
612475223
19499788
182328181
19396118
26789607
126567219
14627032
625857371
881563418
2441403061
114558098
32327159
484166824
95637548
68525562
1628666929
249474886
2429338490
35995621
14474122
14619402
575551178
578666283
14179098
812254640
183431797
14244028
17501146
628193091
1845483553
14135993
17780811
16410249
29949544
133404734
92587429
57114037
603864931
351494787
484485398
93904204
369517829
1561061
2426567270
2463399664
223137371
2192087866
15039172
97670772
66975519
482627415
558944514
105887102
20396179
466701975
414259268
299723296
1227561241
35271078
503739222
60842794
432401287
2419020390
1961029398
62480894
423682202
1372706131
407119837
3076531
323155400
38536320
20678427
16853987
17604535
1453666112
575630531
13921332
242024185
36522332
1722789636
112977948
72992567
30662537
31420483
163086538
106677335
47121559
50313206
220385039
30113
20130187
616838812
16525987
15447326
756399
138246989
2367728011
956710962
473823679
46239554
20629951
569438281
177943531
1156899421
740276965
31150397
149065976
22475814
200579296
18798486
13396062
294535480
407736028
156217031
299047284
94438823
14869323
229512410
96335605
281040171
19532726
23306557
20854663
351976932
182875159
21651425
253085176
194344888
25169848
1231943604
493918290
357417870
1272891380
25320401
49959124
457535648
16480875
793723
339080019
2285734057
57827494
20333482
23155797
28291840
59353150
23312983
180038653
86396047
40932278
19667146
83110201
218915226
225546187
20244040
26317266
38634834
24878499
17784652
556179417
84654713
20406967
35238115
581728802
43511808
153547298
313519658
19590330
2389591469
303404920
111591544
212589377
569819033
301397122
16223450
45600956
20134420
404005481
334169394
6133942
456965305
17396223
401726335
43731638
991914612
14630413
14858543
46247579
138046850
116573509
11402902
127608267
19486283
17678555
228856211
23206235
2384772461
13942502
27984083
2293806189
66168420
19733782
30775695
19866774
1325119878
2395124995
276077917
84278226
25046741
57747478
329158341
74735576
430212550
917782248
276111891
14326630
556279341
524655005
233480404
86955820
63437513
18906446
988967448
46188669
32632197
56119312
14084376
18333772
618937597
6808272
414236162
1651701349
358228350
85294365
24435103
426005584
210680979
973204362
101192894
27698065
2427248015
249376793
28060535
75049922
288939412
14507636
20526690
340455593
34018151
27006169
68670083
20165367
432050341
21741477
23856812
269549736
198254519
1329562465
9475242
247402770
54054154
104007656
349094036
995627329
23325035
86902298
308724015
19855442
2430660466
143174962
2333380588
2265207642
119665569
14240524
130759954
6317382
103716041
149551466
19784349
15079006
132824817
295777528
406500970
14921637
67961860
124300222
90201338
16930637
198100602
1498307917
232233529
22248600
16677523
373742324
20382706
86964899
20231806
65339161
248213023
227960965
18759971
69024756
3410971
1765111
1236941
12061802
20987631
26575990
274819203
175325221
115415588
151131088
374026111
433268365
169552809
142803584
18884226
19300689
337715775
83161450
18125941
20078964
77875453
358238309
1074982154
614096245
18006431
626245013
52045807
554961518
1901485316
2255258368
14178699
151799089
57461516
760303
134384361
7319812
54946206
90926567
17009659
21296151
48713601
248266207
1422309882
2378275513
430647717
22073056
23512686
343417824
14326513
1882378069
3642221
174150213
1674740420
544119851
357025395
409987644
162182737
40892798
9889892
90307460
125730776
20636704
1972172024
14837257
267367383
52210885
870561
1848151
283885442
22098962
28852639
125459547
96985472
14146967
209043994
20016872
14246582
214925844
6630832
14699578
18000564
16903558
1683799460
53081437
33245567
271523542
13947502
170383962
142374134
15108517
174937570
66419243
29359340
14123611
13022562
23275345
92662724
1036275878
44490646
16024050
10372762
75705608
29326298
2151889572
59550988
379898126
16290085
385841324
1130083759
172829115
154077718
81943806
160091264
144611155
255371082
12818
492797953
2387232138
259616584
190621270
67478891
92368596
14070723
24412401
18915582
2397912541
563945983
33421907
25703053
146158168
43093273
22826795
113067222
7157952
68500820
184802635
39638736
14584235
58796482
896627113
198680734
592084725
18105454
50302653
162126566
23448155
437751587
305117781
587724811
4851601
19579410
19930475
91189762
451699960
432826524
137440788
297346509
175362696
14697166
261411540
82484910
105973401
16461529
500408062
126605529
14785847
25291790
2396828978
216123732
31460766
389451310
54492524
19643226
219152305
299379640
16546793
1733443399
16736953
19650330
20970628
96266769
766384632
123069367
80909219
2388796418
5313032
81901497
370392755
465672287
2366257458
16334395
252572140
20985119
37904409
1922559428
7660362
249179055
593611903
49014440
237748043
585016016
18972852
28383042
392993762
619353082
654583
531411755
2007821
30221435
14705807
459217266
49113144
2226910205
46433129
1325201126
297010871
36443418
38426086
185968326
1279033470
24500269
18939046
452149764
21501056
37909940
154811181
1546643833
15198301
45536286
296410532
18996723
119076479
6471312
39787370
18075062
61186773
39482318
814959
