id,screenName,dataCriacao,numeroLikes
953439792703787009
3311062329
232477423
828143641243709440
16222197
49552551
2550310996
921992378679885824
121790772
716512079071551488
2902456247
993721305890344963
1025480359994171394
938626302
53715749
14210645
1022958756022374401
703154167729123328
364983412
181565907
1144279069
44152698
3656086155
855509597418913793
1005971874583662593
33124941
3094549674
1101921372
808799979175366656
111081173
785889230589263872
286009743
1223588606
749674090718498816
532006086
997468115746336768
994747351188287490
3137943591
975203963912929280
1640917298
4830633262
198709890
79063351
845931962
178212492
982475578157617152
334350397
1262321509
946482050181107712
883527542233280512
548031777
98184612
2387002992
881839630336884737
969668296944635904
947908689285050368
222088629
190656006
3550537875
776223515385094145
334704384
731410629643407360
15172138
50264321
17784866
858741653259112449
2811432381
953587636974899200
214664242
3264698932
227166752
717791905405394944
280346218
4339430594
533729211
844599307537993730
814171278
2371870274
942606653781770240
919019887862808577
162006238
732825585081307138
838906289161928704
1643891040
1240032500
20736320
894420241836527617
320885591
75682780
929016163136360450
929327809411117056
2722381887
114313825
1724987592
781385639941984256
14524566
719205980450459648
4886
921406903720148992
1551333900
2841254051
1681897634
4084211
788476055979950080
4056819320
2341197008
771464096621420544
2827345052
2919219596
2976837884
70404889
8115982
755504
3066959880
2652819643
902172654886686721
3301617579
3296829681
883978542396186628
816423398205259776
352567906
363376534
901074409053724674
875763364361900032
4032965057
4359198073
854044125301272577
1230591056
771673968226992128
3287211
473082618
15497022
3344676292
2906957987
2713408411
3317306163
635703
72449062
175578347
92635090
2312878590
9645492
700679368247390208
99603195
2926366873
2241729374
11365262
3402464326
872719147502895104
10374692
875707836218712064
863364063316893696
242272079
752478822
869605424688791552
354649450
2798381830
71326445
62061565
850272008449294336
845333290416586752
860755313959596034
20536062
3533837957
863016810656018437
336746539
861498022928187392
285182195
4661686290
853488902065336320
448926022
14650385
4809142548
5644142
786182665883955200
239533435
16747674
2493260306
791408193419247616
69250183
193962613
3696580347
338580066
2190881011
1214156317
4881096765
25486937
77046009
103444172
835864220600266753
818959927175618560
22282628
16096562
70048064
56304837
16163648
850035186821545984
14114358
32221027
333234724
8492382
2817387480
845749653832269824
847476229993250816
4462230199
2595527894
80923987
1335414997
2218683763
831297050427920385
396961090
844393784716726273
2662222731
633784520
752025306
3021092481
796522473453916160
3065873123
838236379423322116
327010553
290304219
1684197025
3198622081
108552921
256605376
837326022215417856
35248908
703450879253483520
835867472393818112
614796822
835113963377549313
2341859868
47146500
780014452410232834
745712201093255168
275960867
2477251250
830480979558965249
303872574
28545836
793456904315940864
830316385922199553
2161577118
828126248182296576
2467211671
36619872
242874246
329236748
821828467306233856
240959547
14055151
293119592
4882619547
17747332
824999049099083781
821616461626097664
823760860837478400
816737121796956160
3325752779
818275356314652672
219158112
733665950973734913
27182680
4506411257
410450370
812487511658401792
2863002316
730079499732324352
2245023811
172108610
3233475074
815604642432348160
814514319194996736
3086635370
167831643
19284310
813552005067182080
2618940492
3227693906
39729454
4428794487
560800427
802857513712422913
1002550112
3052076656
410671503
806185295737749505
4827567209
253387578
797300504581832704
804178215543652352
2429587658
321349709
755904047396163584
22835510
705470681186766848
2421148974
736152086069542912
248054037
596054078
2762560094
750754046550560768
604909637
236060724
3389690583
817812558
209328799
7294322
15136807
95387477
787696592207933441
68417195
420871225
458530469
793544144178282496
625676144
25591675
322344572
788477594391945217
7449332
74038230
523706002
733741662011293696
787531314303946752
22464818
1416800412
18305056
33428002
3294026892
786262195457753088
784871839549968384
494667065
259956031
784628372508901376
2849761
246870782
4001130118
2829163705
776790428800651266
753763535763668993
240996252
897848106
27638716
1409884038
283067508
2379436795
484886299
776321232685981696
1055450418
777366806956691457
17987658
2160428639
274951073
64715455
723742144645718016
773685003322531841
770172383080710144
2617398642
1508616715
1106332549
1533777176
94585100
708233017639215104
4912203173
57221242
767168201138417665
1148582454
4842889552
29959668
12338052
4755709935
441972350
360410534
33068078
83161450
397354969
763467684826710016
262701204
715477182106079232
67242784
212360509
4595278692
4904547543
706393659244154880
760079616073732097
4912246174
26738504
2727140948
3301902750
1955899346
14763630
550901507
700580443385520128
338902601
3143230134
751211196154511362
563107783
2366641422
30510534
3524862917
1773337086
15229979
2907768475
1670892530
747598751963947008
743499087392079873
4012886055
747457591169679360
1262790559
577863339
2444852042
381558705
16017999
15249629
2688236300
1433855581
246463361
719969364405956608
3397947093
713241328583204864
2481252065
17279852
739852879280766976
730540958832451584
2329667184
11050552
10097662
366389098
1888434048
73260909
334828450
734104731845545985
990277615
3782135653
732624742125953024
8367002
731463125027917824
731409565334548480
16030189
2323050660
177715786
3528630502
3714302056
369533660
26645144
1577169217
81620112
4528267121
2756062991
728156317383188481
725037954134069248
18601336
792589237
553983682
16715146
171269355
3778349843
19118343
710525004044177409
17983986
4241490794
724041937901228033
15053012
87532454
1704637747
28893341
722576517520297985
2460495308
20459342
722543129262317568
719316118746316800
117277917
391803857
720347240888336386
721860882901430272
721810357560283137
720296188252020736
229951251
715184503707205632
2805318758
72212594
3238215778
4653666682
23760629
3927591
3019096691
40545970
157090725
780581804
330323895
5555972
458848864
35070077
3154069232
1276498153
147143767
3997433081
1161674256
701783645900685312
21912906
1668110821
4685258192
19051436
490635760
386322722
2265625837
4185194534
1514051
21493032
718250331096903680
828296996
257972944
26591806
1922052678
1507984494
715997261042487296
519720755
1611341852
704125826904752129
42490625
17798674
2564311747
1301632686
2887334609
163216783
10322742
3377441945
172616124
718683559574130688
3027154198
23271262
2341343784
16340070
2362312963
3244653688
1892180029
717583342971985920
88432761
1731717422
29529796
21161160
2477448877
132338197
401584732
1868645024
253040850
3087600125
15814976
5665122
2696881950
14683596
96659447
46630950
320358473
82583062
15907485
31213648
21375545
60717698
49790380
25947333
2272216219
214383712
17630608
1255305565
2771116137
4183670894
18092306
20652100
3033514572
46327990
9972002
27118364
164435334
4902456455
17302185
276754727
3642288554
4314832162
39926824
123400546
3068840803
15237943
226858363
1046518772
448515462
107620159
20283354
1067237515
716016831979335680
21325083
4041885012
3238094227
25012915
1376012516
10933
182781885
560564504
720150130150608896
188142835
720253657766326272
4595825964
138485722
486370072
731573
685283
260913661
173263468
88384028
21414474
3223758385
193854369
620498107
3313781930
161883124
47772832
3379630647
237585895
1513819327
1024906164
383723258
337987391
2175006329
38444742
322150406
712380909576720384
184523442
3024385167
103692913
699433
87313927
15190498
381242478
2872722269
15257745
2738253225
34375012
342395160
185887200
716678727665487872
12471832
3928107272
51663443
208617397
200701971
104169800
59343380
1005169518
28395136
127343465
701115056516280320
705486246508949508
1551024792
3371535011
374230069
4212753142
39495331
440260065
542405003
2394590390
19447766
712612135
129512250
49011931
34888888
4513632785
714811766576963584
2796841431
177487377
1206379376
3345848592
52983770
4865446371
446633189
2190491128
715695141051363330
1904894652
712155400661893120
715014540191264770
2337657341
250922203
31111755
394966604
3676334599
704410078884073472
2365143806
2232609718
9749402
33116358
70312427
701131633508876288
3250894970
708051563617591296
3383257623
708747067515084801
953
701774891666767873
3892161801
245127253
706167701568356353
2935295111
187256135
384003907
704233132380192768
728729822
299221089
18950570
20949658
4926599967
3078037431
215900697
196010331
17105970
21756574
414660784
3767919853
37186570
15038590
21907019
127264281
802929930
597876957
102786765
4832471027
4827473694
14964477
189543037
252542839
214869024
2514611217
284448767
126480966
14392401
341986231
6152352
46558856
527633518
561556677
376452809
124107995
4808717738
211603016
1006481630
16496445
2872571769
4286705114
74863
61455907
31278412
4776768807
4760274807
14948502
18059761
2156743434
14802786
2296138922
321017654
4685621126
93423598
14210530
2348248196
35784849
4515244704
864701
12675272
19642191
15372750
15088255
12671472
8885512
1872427387
16299558
813987
18248589
215317971
519830368
308659594
1839455239
303974284
3315737417
113500385
128697516
13364442
14476255
91289586
23143093
29596251
1734159188
2277859178
17582912
3504507316
4606074972
767478734
34475982
22401096
17873041
2650044835
3884241
7239482
76590721
1944121
16122151
60713656
19328658
21364149
330962496
289387725
300433521
445346063
663953
1332649916
148154041
336136622
42734687
19088569
221622004
3726756860
261090377
101358435
15799592
64326511
15359472
65633938
33947812
7171
712747753
475381639
143488963
3337081857
211436596
1148628374
21708458
22107673
59092539
126066453
261818762
42949936
476022275
301939105
14549612
25249416
1883817698
925277448
108294148
149080571
261320586
93043536
21554334
76810409
17054947
16803935
167515267
3212008894
711213
890911
3783444195
197927048
478965382
45669102
71203
1853348606
19274485
23844018
4428588545
10196872
191847059
15047211
34162226
2396477814
20531532
367948527
243767387
111297047
320471851
2444616398
14432742
14724060
2598112524
30092699
14364293
16071829
338326513
409503896
478817179
48407302
79890634
37474288
300311295
888927919
49275647
66884439
7480172
16338144
3064078133
177050159
93942561
4449755855
617103472
22922029
15365747
342141016
101653
216270585
89160653
15173820
27779195
1112677760
57744150
151603912
31642832
6440792
346156468
266060880
3312120155
2353890043
339015182
502498405
246122167
222713485
16797551
101332104
33535997
1345670408
4562826122
1093901
24361560
2412575166
25470177
837764479
333734966
41599898
130559155
131023013
102861511
599495858
34069462
18782014
16642919
5468902
1200822570
3368750837
3343817806
958231
19024671
42575795
419173750
10449
16740608
2428014338
6035812
11817932
4224551
19115624
1382538110
2924627550
20813440
21905340
20201886
4495186456
39266002
4195235232
4019071092
2722725572
145520502
27968926
235270444
3293239484
3430956994
19097138
3736932253
1347662599
19430233
1087428379
132738769
146310492
68114505
1098206508
17521906
570756851
326720813
3603511
119187406
222838106
483002474
23734674
1149342318
230854884
3338848342
2629451
3388003725
10948432
8702382
151247997
305076311
63966987
1555326584
404522347
1901543245
6335812
455058920
15365191
18006078
2730430322
17186233
1101150086
10083712
4461751
67823749
398070204
55070636
41836422
89585995
2391304597
18434666
63369919
1434266880
29467700
842680339
15712593
2835234303
478137700
609693
1358715157
478933503
3242775132
1077662460
14498758
3146423795
350731221
28845787
891601730
4916111
20513580
1473043254
792062160
236496389
3170962639
155664035
14970276
12374612
33643233
4215881
3258365113
8798002
1281581
17842971
200186856
330541695
22924106
869139193
2584147465
5475532
71278451
10765452
655983
17979623
2686768009
2984393568
129586119
