id,screenName,dataCriacao,numeroLikes
3185568986
3219696151
957388261550419968
597645134
40380302
1032044980267835392
746541040409026560
825458895980216320
2736117492
386801788
4280754559
892103249637126144
747208065871577088
1144279069
81312256
53278941
64902827
4846842863
1014442116313825280
831171293667942400
978036382789595136
111982145
768784344555094016
2176441258
3526860196
469619276
976825191748853760
715459976576241665
866479706127962112
1004273944352845824
918679786100203520
1223588606
40530294
1194342540
999092402886361088
2324576834
1358213934
517268076
722377970
990318073101111296
556258474
2560062560
2935511511
1489149878
2301578489
3054091429
890957585423060992
3148763804
836263140652384257
838183038970318850
442185860
303557226
2463423108
2358037758
923344385835786240
975595571770671104
975318210949066754
104008778
825395225082339329
2720594268
972169295479345153
971494642008064002
10724722
4090510539
898838438
947908689285050368
1638208519
190656006
1949683596
343492856
577102153
70986476
954006068249661440
957700838612488192
3301389791
8845692
854861114479431685
4919313910
21047265
866682703
34835355
951955679136411648
954194187712323584
410092821
804756554
949989807605743617
2910759997
19754219
844599307537993730
947161139640549376
728669745973743616
946081789994590209
888199568592035840
753341224895909888
4646109647
54787534
54046601
919019887862808577
2909100820
77239491
2751238556
756589
728941970203152385
923303005457469440
23221245
838906289161928704
1012650702
872755335353823232
895248914412187648
923551245159329792
339359613
934945030795661312
934202633144979457
706555694858661888
36032194
816335359936065536
714585866715291649
932840773950820353
185828852
932333293432918016
188154178
349009864
932038618910154757
2958704902
930530351289700353
3642829874
47954330
270922395
976063483
929016163136360450
908411468269461504
924705143131705345
152873965
928640158714548225
386180697
3303015989
1055764650
183456716
618401731
3696305657
4130395463
4607747001
760902795625103360
924831077121785856
925187386618908672
69892504
912687795214471169
729753673
3121292179
348392548
702952371605905408
781385639941984256
2492155769
838576994
719205980450459648
832633493427326976
854547785772703744
1551333900
728334448010240000
43199522
906816419660152832
1219731734
1367730348
340080794
13551722
3393127283
475971993
912881630917922816
2818679315
917676793989038080
796895774449733634
3300098869
5692222
3075521970
4889662303
916198340177551360
264871119
69943846
2567993725
800494965910450176
912350195576446978
179105404
20559421
19311356
2350826425
32043610
4786990512
283417005
3332165489
470183711
75928359
995779002
910010660703965184
835021042426896384
455335208
909538149474406400
231147977
869981510941724686
18931469
797784295
816477434
17841670
908142960382038017
701851015105093633
1161285398
3153915891
3554768055
2324697992
1014547674
6403112
2896450990
913446680
905671747755577344
4896131606
24678563
793954965903458304
904957783761707008
396130088
229718019
18062400
396651588
18960926
902387275773956097
1089244188
15178467
179247642
428924207
1838811
425528976
1213888524
18299444
84048834
854044125301272577
49905269
895303965818191873
59742885
893338832388730880
743890390462300160
271239524
896125853020471296
522486245
1436148337
877242739867496448
15114845
329236748
2353897585
2616870378
3344676292
893175295855005696
4446656533
700618993514643457
2160522118
225663702
400195577
478681500
753350241961644034
424146540
2426285299
811936736037064704
3310214383
222423583
863334508606754816
151784712
21819332
895028599
890911
882887844200681473
27334746
258826540
723717925031542784
4352351500
855949203536830464
787220863
16389014
1673684911
432818365
3494277557
871604151095934976
797163624187985920
761951928075096064
17165559
36249375
589009565
863364063316893696
847483577465950208
777576864
881918430508716033
877878280539525121
2940998967
626770021
880635105869516801
1936463258
1355756040
267149229
827689231061389313
97757127
262935095
18752512
878084671183048705
878437738424524800
859634431895752704
294141725
876688698124886016
75121936
874636183778861058
1093809288
41418219
13453662
791574389322121216
5511322
3336633983
2245407808
874241713791021056
3258378880
2235591
59824879
1924249458
990043772
816480408
539145917
958231
309979083
870691921408147456
251956073
801509804955078656
28374587
811661904670261248
76981675
70979079
71326445
4509160274
261818762
572799460
399727305
2897932710
3053365210
817959960369909761
4791385876
808411056322347008
849060207309312000
3105960979
70163305
233006342
34704888
426933082
133355155
51482910
860850650623684608
16120000
42691018
250283406
715963560891981824
860517637037731840
846011442608398336
39595220
490191662
548031777
3019991115
832989665988866048
2479413260
2363154198
834437197772242945
858651939193716736
719854009239105536
2542511
2491363373
86823096
2930260938
67961860
14650385
156383540
9358102
186276453
100316743
17085062
338580066
816010477935456256
3376092226
24946289
3352152843
219102354
3246688906
763901840907829250
546947761
851960467182563328
785580043
379373337
852199064909357056
191692460
1608329534
724305358177464320
464350089
16163648
3305057561
2551718095
7489822
3070667289
3052071610
2799062875
1423168416
1058074056
15086238
36141501
363961884
2984581695
47775782
14763
223345426
21697538
169154176
1340112738
369886314
3363941459
1060415384
831971427762978816
2990528425
2437838022
1222217594
3804017722
318943641
1342424893
4636119508
583947698
80923987
166711886
767193093271490561
1958287620
844303129663492097
170870823
843682330929762304
4097506758
14364049
62883826
27754979
809437984944754688
46244750
1644178051
842577959949160449
327010553
839775089730195456
272198175
318940525
839325994544660482
838999738695372800
198795138
813490006048251904
425903997
840881566289186817
197996262
840143875142426627
1498711
108552921
839911336389681152
275695213
803532994745139200
4051436002
913863469
2729634908
249300337
437481128
3079892255
261778115
15501305
80164201
634710590
2965309924
4130652749
14944452
145154637
15686881
1333285118
786546956248035329
836025747747721216
16499956
835113963377549313
835365453702688771
87510583
835284881211031552
2643625710
27850869
834400424199323648
2662222731
43870602
2893806268
2477251250
31039502
3033798567
759550741316907008
2978206095
831169230284402688
830942377334300672
18588364
831101005165125632
829135370696658945
164295510
2213388451
22615838
813218939979386880
19690984
830206974243409920
813193275225972736
825577011141832705
1313636496
829389750457028611
7699942
293395401
63335403
3070040098
826176979116257280
339608275
793907994
1040925240
2926114332
821869873164906497
221838644
19678752
2468292626
980954940
826653423076470785
796799840378359809
342372106
219278441
386908329
7907072
41507094
57001304
825399945486278656
628485645
1333930980
275760419
14198969
35616693
141732414
2430416168
556579302
822564621622112256
5817492
4131014712
2917052942
804420746403610625
763138501038731264
3587362455
2281011864
728944758865821700
768365069369421826
4453483214
13599732
1960908224
787002997951823872
99774297
1646358446
814192289098534912
467257037
2456838158
819364298371846144
1096464012
780677467
2293111124
1246878498
57114037
256605376
819731875208069120
3000050641
743411604621037569
817855092128882688
1018017764
2194664588
856451065
16007846
814181369974620160
4431060134
8815932
162669975
18577529
712160762
226455750
186835823
418075453
27942518
243139722
29304872
818431387
286963965
70487589
367860025
752025306
715299848409391104
2813947296
765642602121039872
15336176
742775904
2861238751
816423966491324416
15449803
105239716
816154325902913536
816330186467708928
347883143
816266205279326208
366382561
722270397270347776
615372713
815396344538038272
745082673912250368
22270735
2722941428
14392734
388458418
333136633
814419060590985216
4821240628
10083712
412536553
727935482034831360
2519843085
914154954
31640989
791466407628304389
103299196
14129922
458945744
812655137307160576
20732149
75996068
727771575198617600
2382483586
1155681937
247551477
799895898520043521
306578248
812092827534524416
759820615255818240
4513632785
20435620
811688905678483456
9627882
3327690342
723280008404324352
16451998
809406567879540736
3119746599
2686906278
3435763846
3120638619
28094110
809458705615859712
809569478107283457
2575058173
809576757967790081
805832107973033984
2421920726
806243851438620672
3183359144
780708329504985088
3899306056
775399167875092480
2447598763
801328551568019456
760639394994872320
3291454446
807962850895560704
616456333
2868280160
2977434234
14511617
127262102
64359920
169589705
761396027446398976
2275044830
1414817035
797681400228913153
804844553173876736
3073921342
54271776
203202332
3789532415
85925851
9703062
563309597
31458684
248075056
31164295
763207640050577408
763879185215582208
863031
343809348
803947203609972737
299221089
260074564
19218595
135581618
391120020
321349709
2649550382
26449279
716786530493210624
4854111137
801185645716717568
801914543849046016
292203590
234701342
2484652328
796673489189171200
84071769
797639847569686528
207541376
1411806398
800280119382114304
2236965343
15470906
3315612402
2805946082
3184759329
362727438
227617185
14867044
2867332342
583419882
2923687744
800158423606173696
799298713269239809
297354232
429479397
351274021
3317306163
475368352
2987578595
3072643517
767625592049131520
4189408815
62919610
623030031
2170864430
1574273785
738046175098462208
3058417492
207408656
2842309889
1611124250
479147500
21900037
467672732
39232566
19778421
1431624768
364699706
1856822809
701642226720489472
799083414737584128
634653119
2332444553
2174719083
14562600
2039751
3794824827
2694196980
797547494783782912
722397868372398080
414013851
46556446
3294341425
14983233
17348435
239239794
752409365802606592
261736351
1935634484
755530139518271493
775620258820395008
61065890
112623669
160751954
102846592
22545605
785698336632410112
318378095
788476055979950080
566703754
787696592207933441
794368068671578112
26259576
15308809
771680198261628930
3252234949
754126906862215168
778591837154148353
18624729
2803300386
1237185392
2481252065
3459455057
1640199900
759423140795736064
347886354
1366423182
1739604812
4619897537
412714780
18709215
3082758852
740009818530816000
245412679
712327066298011648
766446057077211136
771630
220789894
98875255
17743316
405204487
597044319
2158027508
788951988595781632
778513486754246656
789420575466876928
788477594391945217
1288210273
2701142784
872374813
251247381
2576258951
4722692415
777179196233805829
2421160088
788227114810023936
99188590
534618110
17090374
150440283
2906027513
783373105481846784
319282631
2367781813
733751060335038464
291852590
781245151532515328
709388150
1156601688
765617047011225602
3300343275
720706568505966596
753200650440278016
596665477
603933834
735841670252617728
373611772
778460660283772928
2422924681
3231976758
2526407077
18644407
301528244
3984546562
703283399834861570
3613018118
777616140340170757
329962434
1282259142
4894340451
706458390772498432
3290568759
763764935075717120
26053487
1107838626
2856025188
37903950
781036991454511106
739209370580312065
781344645024329728
1711061
780902843989590017
252375379
153898654
778278006351618048
97399110
779996843123970049
3176417825
4912246174
779537711522865156
349851147
767766682429448194
496049389
17763095
22013732
16061809
401716496
774167014038319104
19621873
702533010189455360
752389156186124288
777676517597937664
777629863305809924
179798942
752647443913838592
773805419135401984
4464703456
2441577078
4386220726
4580500048
4904547543
771560687772454912
775026022282584069
86400655
4597697115
755647265256202240
770611150736228352
525939649
2193341816
323739451
769880197487218688
764734773025800192
767411560826503171
3540428895
3432368657
773033798405685248
290618876
773025633639145472
771936483825582080
592684412
68851458
712507829131821058
13465472
20785894
771313068093472768
142913840
1175701
25943344
236229814
18587754
51212737
250892484
628138386
759680949395140608
708786930486345728
1106334392
2192692945
2257188564
4912203173
981127062
713964363602731008
708233017639215104
761424302172360704
18782014
4687028402
30731109
4927408936
543071049
3484258041
1243820478
380151399
136337363
412363714
288958192
4882504941
748387718569299969
766435106282151936
552480066
4298866840
47735483
1061494946
3138706833
767689378219057152
2688887228
11973242
15193273
31419288
766555259485327360
763309415374188544
2478866036
765224625777287168
155812498
106411207
625295000
724354446474502146
2354309525
751731395823702017
975303194
765341927055118336
3318900925
93360468
71158578
351839443
3415772547
2659691263
459573227
178931383
2685749994
38387385
16130949
2528501430
2986879969
1875029305
268795366
762187914751074304
704011654002925570
762405639628939264
763407288145149952
4857703186
2744749384
3397465671
754754774520791040
748541850437324800
713935161058918400
736443746796113920
2578764193
45432890
741708095064309760
759640409471496192
3385510999
603367602
750248956303708160
968881417
760916710597681152
700756705798262784
759011760556740609
26548315
3072030304
760586545082478592
760407843778494464
728672668220694528
750238901860704256
244722105
3514061185
3368750837
706393659244154880
3180940631
709560393354579968
756457194292469760
751004822472626176
717132829478559745
723742144645718016
715477182106079232
2329737455
696047004301053952
1955899346
517235631
17271540
4407591976
2782220291
322344572
154428385
25972738
2838036502
2479911835
21431187
39995660
750332840420581376
502219751
755505065020895232
755460330185039873
80326728
739552411925151744
753260584024571904
751811392248905730
6456112
1059088429
751861099876782081
105110616
750374684290584576
296175196
2553495445
1287025148
745727732395319296
933857964
720227645829619713
720648576762777600
475327046
134795289
3430584898
18758409
35227959
748080239457218560
90670954
57699975
177482960
47542169
146788243
747481273946488832
2905876469
706485271991357442
2149793731
262565865
739526315301318658
14221013
718619437679583232
187627155
728687378731249664
2864493612
296093687
1356911348
747968120057364480
3496435032
2548919491
744069377063063553
29124219
1687435866
725544609573564416
20365540
17087547
22828952
24893128
260252679
736748590450790400
41323668
14255664
47420712
325278454
121221121
2206237104
701228608535326720
745473967947841536
712863472556617729
1541501474
739789473073012736
725154675062755328
86742060
4919350494
511062632
188000943
706065624502558721
732256527852183552
306980306
869863808
2322545569
4807107268
11758552
2503293792
3988024275
711957128
4203657783
54980022
1096432388
880291328
525627530
3234508621
740947861882306560
737035612516159488
36097764
2397040879
2737597131
739800705016434694
713241328583204864
2214133340
1906833932
739961898540670980
585769152
3291567267
19047719
1027307630
2329667184
249006651
14445266
20052877
3068700242
3448097057
159215011
276328726
16883365
729618852682842112
737871388661420032
1158454190
3576534616
315563384
2230715918
4077631757
736449055228866561
331828820
18066264
604657002
181457036
2454147619
734399828378157057
9068302
43558584
736151501626855425
386167460
827423856
853763456
593846264
19262475
281223410
14503633
823597598
728560074407464960
322603943
734104731845545985
1865647742
733015731713908737
50570002
3252725456
2336089728
1743430914
51320396
2660495005
396212842
731679800578985984
1647618655
3433200525
3782135653
16522574
936961322
59495548
1708415065
61034310
89078291
1297548775
2488090633
326318768
258817015
3225909912
731374001767907329
2272244096
43053338
2803084318
2274598700
15339875
731463125027917824
724607770872303616
16026835
35403297
25256214
720239171756027904
113075701
1340686897
11855232
2272054819
726918560010792960
3528630502
15190498
400411961
1523124307
328067147
269058238
3434360525
4446269235
3023127157
42942279
721347271825235972
3124459804
9950012
408196141
728289555162357760
721532177066901505
728027274956529664
912571
725733521591930880
727499761176051716
443072974
4827567209
2471743111
3930269362
96752326
21234732
569639802
327225591
366222426
3778349843
2573360518
4502337859
725561667543797760
18735881
46431656
25402913
133070222
928334179
106844393
131254263
3032941737
718255886389653507
9091552
247144269
148000129
2396976918
1024034532
53009621
13405492
2499476263
81827186
248437652
83617913
3588402735
1981781
120500800
2829135823
434595795
3692
10814412
21948071
14443713
252715855
3039575087
1478692304
154061299
44404346
1070031997
1578360067
721292878115430400
367852030
2149900273
4700892792
2414947650
138401100
42284872
91285371
729463880
6286792
129956421
2927200519
98467948
231808828
473945259
537620037
12257632
220809557
704056487258288128
168736397
351006436
14481032
63673037
477953662
4881119139
16589233
2390126510
14697325
724093673399570432
724041937901228033
4411867954
721810357560283137
771598879
1006949798
4569418153
28893341
736389638
722576517520297985
3803910934
3161816387
720253657766326272
711526845305503744
15488026
330686646
35864014
92906709
450135233
16473691
2231849485
1503638581
40515099
238278907
7542492
717717173444157440
702334906483871744
993691004
151594353
2990914369
715079712364568576
713882314305044480
2866420020
450219364
713359251100413953
22806539
2414274218
3193667496
4291710793
2272729328
3042520390
380041356
708763612094009348
4829112995
122240322
3377908408
20612033
728152507
20368673
397877342
1572410383
17302185
261340818
1118964038
1219858710
1202645634
152768869
104461119
53369180
1729320229
3892161801
705493117286400001
705404740646125568
1002894727
1723608290
67185554
961875439
188375871
95115431
48072654
15246950
118586432
66516205
548403803
701131633508876288
702621841542742016
33024169
1156877178
81344860
699004549017677824
96976999
2824004439
346652547
240984265
841847078
1411202197
2542758835
2868216187
3154151887
2525843940
214869024
585829750
3371640813
506521421
101949871
1391017706
225910909
17808060
4850845923
4749205571
272665658
44501438
351343069
4831985993
2590992241
244358420
282806140
344661740
253430237
595532766
20582154
4746170592
51034426
16050335
4776768807
4743963931
496121852
4760274807
591920135
3334383972
1430960772
2838803626
38319254
4600641
4506940396
149675438
14824562
2923392199
200652221
18045036
18057632
4167201855
14256831
1714243524
4385595135
3147630253
411478979
1207818488
2332097161
3398765533
1107299102
4572481156
4286705114
471322856
17529862
39762511
4677264145
1003512054
3109939559
268715874
20948129
2727670243
17670771
1205855618
61190530
533727329
10586
304515391
1339279308
21446806
98750254
34069462
737035105
1683774146
174181044
17066195
8524812
1260627888
14228106
4495186456
78285757
3079273777
771939626
15039770
2672271388
258346809
377007041
2592322174
3345058977
2602402468
2888286826
4464310332
2239665769
764487416
2985652209
283985258
134731227
2989010519
122594742
4380045202
23591252
33240766
800047069
8891272
3771064454
514427103
824524039
217304144
175697869
4298301561
22576231
75234792
511883638
22667325
94909041
14247866
3117025443
2265946524
18441241
727761613
320448310
18326906
648173
399636376
273032301
333397358
215433468
824075
4069752385
3317315109
4114567791
4252121660
2783671497
119886865
14719001
3402829366
3750632602
4081445915
232600571
1473016004
59038928
446635703
2884428555
406433383
30766670
317156497
35521051
317897447
3612569237
2489655348
3192708556
144771606
13185412
1194003781
16128967
3040207902
3670267635
28088356
325352114
3452016214
1589394354
835902122
344294938
2975006224
700632172
3774670157
314402744
8670842
7934432
23019013
278700321
602778100
3959043141
27297715
31640462
3862828872
36785765
244597407
15201008
598924722
753750000
37590703
95385774
21861705
490669726
6916182
17400858
14143782
12612462
42648852
12781762
41876438
204553440
15294391
126632690
2358555620
337011564
2191092467
103991295
2728702015
8517312
1125050894
14181742
22080446
42761809
3305651434
6314782
43183753
171247493
1945473654
87024365
83635617
16569802
263429577
39143580
26749501
23937210
3235060766
15055682
1916459004
1456898852
15679584
1480363939
154743905
17143130
29052381
432171732
41193411
556740494
292799020
351351922
231030409
503878956
260409606
2918107586
247930606
235213645
90553253
377262903
15200597
8937712
404723737
2425358461
22757662
547926454
97356528
123499065
425529426
173348921
130241800
616378940
39326867
2807242317
310491337
22800923
142616757
1444767164
39381657
22536776
3604141
265590601
1574087070
140631143
17951871
18025329
22774680
983724966
71615384
52954264
58056719
3817818257
83943229
1447948944
3830898657
219288977
2227186290
3199956753
2822047804
487169480
52390632
40613907
1963066663
300341577
3347352989
277465991
3529055542
1548908682
124504111
19430233
1134911449
3558472761
81753214
2935295111
14957890
265248936
3356592619
2222243750
111491544
1444899072
16220212
1469467998
259752041
2463105878
3098458562
471851624
2506667875
2263010881
248613173
23558652
17541808
3438278735
160806543
139942645
18556197
118107769
296694361
1235160638
255541461
3320042990
156378821
82917103
3319091647
45515305
102699094
253865251
15923193
53459266
533180633
172626271
240948174
2950744744
187245170
789888
7588892
205335272
1973305039
2307312782
101580910
65288801
21629548
1905851978
2906957987
2567925288
3288882808
2942919459
2178878576
65271912
3374252200
550161391
2199322345
2492877680
350491497
80977269
1216541209
2365281801
128873058
3067874025
134194590
366689288
125651264
3000753730
50058630
3362610365
855389581
3342074289
14126448
2989093676
614487277
341010196
372876280
164178856
29528930
3219762648
605151678
57580550
284024659
808318694
18349067
373084526
1300443866
560196088
16681927
2608681038
3930731
3301135696
788067636
2239769634
154071564
221513600
3293903019
1551469016
1375044036
66780280
2889495100
2578208166
518653073
1382791088
268391100
3013855080
80963173
90904872
31268717
3189088765
20680738
17670721
146596141
5518212
18578022
19107772
2827395722
2770655548
10232022
635678815
18549100
491601678
31125463
321535702
354002899
12873492
2334688790
17204791
2491942289
106359142
216899556
3123175766
143123533
37238482
18005119
84440997
3162239795
258204555
107228340
253706633
2861010225
286151554
538353187
280837864
2377575224
316633630
43625933
31358425
271765772
429033961
593942512
3044675332
22090230
47336000
3119417058
15007810
363650407
18433843
2525441503
2461091276
14579415
346814590
2274073254
18273521
995241140
50804181
4848301
439445091
20494845
61623544
17105277
490532857
47467520
6145392
71973965
71679745
16166031
1214018492
101741637
15879581
20966453
38398156
2614078704
3070111805
470993699
423813430
3069509769
91453413
464258173
187658925
430212550
3067523493
30336965
131530298
15486485
1173760886
15259820
2829883102
25913698
312850222
1603046300
17963193
624937378
1093611
21826561
316670654
3044816757
20283446
80516159
2970143884
2951210752
1954981609
1884801000
3033791613
12549842
548705190
18045606
42486477
29117662
178404628
2957945382
2997926876
261902065
1396226143
17829425
223886053
14701326
19552667
1359121
223729530
3027193552
18396771
211800770
2459543276
123414510
3021844157
2937465474
2800410067
2344125559
1539361508
10909162
323517781
2921118204
25059543
168654202
1729498578
2250733501
3005396942
533729211
17538725
47396544
75380036
531956188
279210688
371329477
1163508954
25567239
1352229068
476399196
523345765
9749402
2990822469
2691926268
2474161968
522126905
393993650
10692122
18346182
874775220
53436563
348964168
395428377
543818708
705131576
7994062
2976289746
2382375319
15044547
2976801518
22250329
286331003
946434168
1395677904
90748688
2964400539
229002359
396372337
14996680
971205925
1458166982
364265866
83743024
25706315
2333769892
2569873844
357911830
2784876112
369224473
2319750312
2943343998
399539511
2932623329
2830818295
6703552
13006012
592007379
1513789495
28021500
333734966
17169682
234921199
154582981
59559115
2186249443
20659461
14835172
15607601
342130732
17077658
2924920963
271690400
370174582
36329339
2692
2200370106
2916289507
2865812463
14256723
2914121732
494667065
1714618153
80452376
8831882
15462196
165893671
515937489
2880979973
491636958
146140182
100324441
16571647
7483862
36227851
882357114
22807612
21702386
2563764211
1628934150
474193335
14298626
96049293
633703959
93890201
437554951
18046928
915121832
1253356783
1088921
14270439
35294738
435190822
2274479820
52623
978888690
2870325901
2862447950
1242304663
2249631319
217734240
2601351523
12601402
57482255
774856488
16179748
2295120523
36419582
106537958
41630507
299381059
776410
345141621
218627403
260689241
2586159548
239064252
9862372
86761055
5923602
590519645
805116151
348355976
20691905
18553506
20185739
15527249
2316230816
90981935
290977500
120168986
18171079
17958606
104945840
824004306
18499801
566526741
1088077452
367467851
227606635
2795331595
150363306
6829652
89795091
39060411
1001771
87837810
61015206
86563617
389117538
2823424652
14155278
12046902
1319807484
281630784
300417502
380563322
14453156
14767711
5016491
422102366
856385095
539016190
103794514
2373578381
1903385754
362460324
10904812
49907824
294237115
2563583993
223598917
41390720
142514604
46736607
130014701
34412958
14932343
18259651
2834688852
2800443518
100460622
127264281
23254934
161471794
10395512
104627432
191945961
193063049
448951358
764544847
460326327
331440503
71100732
28489677
49825194
129526938
10663682
14552330
16948045
2305317618
545445165
1885032450
2180863217
15707258
1002408884
1160981546
15607688
20201952
125431255
1264982412
35015689
52992287
35105871
19091342
714824420
108562174
2673796754
15811948
49458525
17977196
35412147
14918874
284013628
2727519926
1214766560
625939329
30924282
2569248139
2612139973
65979074
14440279
55272268
198282398
83246008
18003417
18635967
208163
957772404
18881335
15177003
28027154
8954472
21569251
23027932
61054902
123439702
575514014
70411380
473976778
22280818
907042555
106611045
21531285
2712912146
11107172
15247851
1149612446
15878923
38562659
84860111
20061604
494951787
15585546
327945697
817040
275031945
14311903
46695992
14141356
3253711
732784062
20396267
17012453
17673956
96780118
1845211
9478892
1052349522
733392272
2171142085
372519518
39482318
391275054
1385331308
932578272
18355634
78768115
614605715
8059262
339588665
194876387
1533777176
473205976
15266600
14951588
165596741
16263710
1050749700
14475298
